293.98
295.097
294.637
295.646
296.334
296.224
298.113
301.154
300.281
300.686
305.067
308.512
307.494
306.336
305.408
302.797
302.607
303.072
303.247
306.169
307.195
310.088
309.595
308.752
307.314
304.504
309.57
307.358
306.644
305.394
306.166
305.322
302.017
302.394
304.606
307.469
309.691
306.801
302.892
301.913
301.263
301.915
304.612
308.038
313.084
313.071
313.713
315.665
316.929
315.177
314.485
313.182
313.148
314.995
313.347
315.83
310.685
309.421
310.398
305.902
307.741
308.498
309.079
310.523
308.729
309.593
309.9
308.05
310.596
312.197
311.319
309.853
313.169
314.954
313.467
314.478
313.086
314.173
314.4
314.548
312.971
312.33
312.28
313.518
312.382
310.125
310.925
311.143
309.194
310.908
310.838
309.491
305.519
305.725
305.251
306.173
305.939
307.872
309.807
313.674
315.188
314.74
320.857
321.655
320.469
321.64
323.194
321.772
324.882
325.686
323.016
323.808
327.326
326.511
321.147
323.626
324.016
325.072
326.218
328.993
326.406
329.072
332.043
331.634
332.445
330.958
328.23
328.125
330.058
331.576
330.877
332.338
331.761
329.239
333.109
329.456
329.056
332.945
334.254
336.757
337.275
334.788
335.757
338.98
340.517
340.446
339.243
340.356
336.235
340.356
343.648
343.674
344.328
343.114
346.177
352.144
349.138
348.451
349.994
351.793
354.157
350.692
348.995
347.923
347.956
348.429
345.469
344.649
342.152
337.763
337.055
335.119
334.127
337.748
339.313
341.894
341.537
340.247
337.765
342.508
344.601
347.578
348.014
350.594
351.267
348.395
349.99
348.36
349.257
354.004
353.418
355.214
355.047
358.025
351.462
351.089
348.981
349.314
353.965
350.274
349.791
352.718
357.144
357.603
355.835
355.081
357.492
358.467
358.598
361.733
364.135
361.447
361.119
356.292
357.525
354.498
360.181
364.844
370.738
371.66
366.699
366.686
370.047
367.885
370.009
373.804
371.469
371.826
369.795
373.962
369.835
369.316
368.619
372.055
367.104
367.989
367.39
366.535
370.307
371.43
367.661
367.219
368.908
369.675
368.558
368.88
363.65
363.511
365.341
366.455
363.075
357.06
362.259
362.356
362.274
362.79
366.302
368.162
369.425
372.352
374.934
372.759
372.549
369.992
370.845
368.682
368.953
371.061
372.323
369.002
368.655
364.046
364.688
362.143
362.191
362.225
363.19
364.091
363.092
361.093
366.501
366.301
369.221
368.579
373.525
373.662
377.315
375.1
376.14
375.073
372.578
371.457
371.327
370.99
377.062
381.891
379.264
377.487
376.754
377.97
376.192
375.719
378.795
376.002
380.442
382.575
385.738
384.332
383.603
383.152
383.614
389.915
386.184
390.735
388.495
386.02
387.19
391.923
387.973
385.745
386.003
381.356
382.279
392.029
396.065
403.18
402.638
402.675
403.014
401.438
395.311
399.162
399.246
400.637
401.186
404.236
410.265
405.065
406.421
404.257
406.048
407.453
408.462
408.495
405.391
400.973
405.095
402.428
402.326
396.919
396.751
395.296
394.721
395.169
390.854
390.248
389.498
387.243
385.593
389.175
392.685
391.47
387.265
385.394
385.266
383.597
386.691
383.451
383.582
382.399
383.729
380.519
379.164
383.046
380.849
379.058
384.046
389.976
388.022
388.743
387.54
397.767
401.738
394.713
390.241
399.931
396.467
390.988
384.437
385.534
387.352
387.479
386.575
385.316
386.914
385.868
384.325
386.736
390.232
393.932
392.616
391.126
389.842
391.215
393.608
396.225
392.577
391.598
396.832
391.126
393.035
393.144
393.573
394.659
397.755
397.939
398.421
400.861
407.317
400.965
399.961
408.702
409.913
412.224
409.588
409.429
404.169
404.965
405.03
403.331
406.098
409.064
408.293
403.025
402.962
405.021
405.037
403.913
405.02
403.59
399.855
396.732
390.439
396.36
396.893
394.333
399.525
405.078
407.277
409.087
402.42
400.957
398.192
400.805
408.328
411.416
408.522
409.655
405.294
402.196
401.814
400.478
401.32
400.19
397.765
393.679
395.063
389.67
389.816
386.338
383.939
384.965
384.685
386.846
386.428
386.101
391.307
394.443
397.338
399.104
400.879
400.144
394.835
395.712
396.145
391.789
390.379
389.618
383.112
385.727
387.856
385.091
387.984
389.232
390.393
393.766
391.947
392.3
396.737
396.53
392.791
394.291
390.682
385.432
382.977
381.578
382.834
377.401
379.673
376.669
375.796
375.525
371.067
368.341
366.772
364.729
359.639
358.601
352.476
350.928
346.647
347.102
347.407
351.051
349.145
347.271
347.037
347.265
346.696
346.729
348.503
346.381
348.05
350.077
349.541
347.453
348.75
348.202
345.446
346.059
346.34
345.739
347.628
348.83
350.095
347.141
348.027
350.398
351.153
347.408
352.412
353.525
348.225
347.712
347.761
347.027
342.205
343.577
341.589
341.062
343.956
350.97
356
360.435
362.493
364.256
365.955
367.513
368.544
369.336
364.598
361.841
360.039
357.265
359.308
360.402
369.138
375.7
373.57
368.42
372.441
378.067
379.404
379.924
385.033
387.246
384.657
382.341
381.304
384.667
384.61
380.326
376.727
376.376
377.045
379.514
379.293
378.919
381.003
385.669
382.951
381.194
377.919
379.08
377.622
373.991
376.375
376.287
372.194
378.434
377.046
378.149
378.719
379.667
376.665
378.766
377.158
379.016
374.659
370.97
365.605
368.597
366.94
369.282
371.61
372.804
372.795
373.023
379.473
376.632
373.481
372.004
372.494
372.557
371.977
378.812
378.506
380.181
376.963
375.463
377.205
376.858
379.228
373.759
374.494
371.499
369.15
366.733
365.094
368.073
371.681
371.924
374.454
376.473
375.721
375.99
376.961
376.14
376.235
379.886
383.75
382.459
385.971
388.14
388.001
386.946
385.381
382.486
383.001
382.263
380.081
380.03
383.912
382.963
380.173
383.994
384.236
380.783
382.894
378.384
379.193
387.697
386.272
386.111
388.038
386.304
385.501
385.856
384.516
382.97
386.108
386.734
387.862
388.081
391.33
391.084
390.607
385.28
385.818
383.748
383.538
389.349
390.419
391.076
393.532
394.605
394.32
389.631
390.119
387.977
387.477
388.291
384.932
388.366
388.521
390.717
385.535
386.166
386.493
384.615
385.623
384.09
382.131
380.578
378.058
378.579
378.099
372.432
368.51
368.636
369.977
368.8
369.885
370.781
370.195
367.105
366.612
367.819
366.615
366.9
368.734
365.524
367.337
369.074
370.933
370.472
372.19
369.525
371.26
373.534
372.501
373.992
379.417
379.602
379.367
382.492
378.589
376.646
378.93
377.02
374.865
373.877
375.817
376.08
376.834
375.076
377.227
378.608
380.131
377.729
381.451
380.026
379.169
375.264
373.009
374.941
375.396
375.059
376.563
377.092
375.762
377.903
377.694
378.006
378.869
378.718
380.604
380.296
386.07
387.041
381.724
376.833
368.869
370.883
371.343
370.069
377.266
378.788
374.822
378.515
374.987
372.668
369.2
375.174
377.665
375.882
376.709
371.753
366.846
372.358
371.526
371.638
375.874
378.59
376.537
381.237
375.22
375.516
375.325
375.624
370.386
375.141
376.802
383.362
381.492
385.303
387.153
382.516
382.525
385.979
390.875
387.864
387.11
387.793
391.627
389.378
389.062
390.781
385.214
381.37
385.38
384.387
382.175
380.111
379.912
379.147
375.238
378.237
373.602
371.477
373.495
377.85
380.728
383.869
385.63
385.691
388.737
391.765
392.207
391.334
396.594
394.113
394.463
392.662
396.216
402.644
401.502
402.794
398.522
398.386
392.931
389.813
392.908
392.288
390.818
392.534
397.784
399.846
392.913
389.208
395.306
392.717
393.953
395
393.702
393.713
393.773
399.21
399.099
400.916
400.932
399.346
398.044
394.055
393.318
390.349
386.707
387.721
388.647
388.595
386.554
384.735
386.881
389.163
390.921
394.859
394.058
389.691
386.584
388.937
386.858
382.362
380.664
377.119
378.663
382.147
382.586
382.178
381.808
381.009
376.161
376.482
376.402
380.547
381.31
378.882
380.639
380.487
383.281
383.8
381.756
382.172
383.447
380.017
379.007
382.915
385.708
389.263
392.291
384.814
383.502
384.169
382.89
386.188
389.714
388.617
388.502
387.066
386.533
385.723
391.617
394.812
399.704
398.942
396.49
394.835
388.229
382.722
384.378
389.162
389.753
389.773
387.958
387.547
386.939
386.664
389.43
382.675
379.548
381.52
382.33
383.056
382.869
388.111
386.935
386.902
386.16
385.304
384.653
388.529
389.152
391.499
389.339
390.997
396.646
393.833
396.192
396.024
394.791
394.833
399.701
399.777
395.136
397.517
397.323
401.117
398.18
396.083
398.491
399.235
395.637
394.06
395.223
397.557
400.443
401.996
405.737
402.682
404.68
404.337
400.249
402.988
403.373
405.043
405.87
402.756
404.097
406.907
408.977
407.121
408.58
411.736
409.009
407.91
408.84
406.927
407.756
407.026
404.023
406.002
403.413
405.86
406.164
411.311
417.393
416.832
414.428
413.932
415.91
413.044
407.432
413.422
421.193
414.123
414.658
416.553
418.322
413.761
415.258
420.428
422.41
422.386
420.912
423.711
429.2
424.253
424.419
422.885
422.238
426.7
429.758
428.675
434.845
427.554
427.505
427.783
427.7
431.563
430.235
434.751
434.083
435.537
430.495
432.185
431.083
427.427
431.534
433.865
441.233
438.375
