numMC,PL,PL_flat,callday, maxloss, maxloss flat
0,0.0164243,0.0164243,183,0.01537,0
1,0.0162281,0.0162281,183,0.0158501,0
2,0.023783,0.023783,367,0.0158551,-0.0262117
3,0.0167473,0.0167473,183,0.0124434,-0.00321075
4,0.0140776,0.0140776,183,0.013691,-0.00310335
5,0.0159577,0.0159577,183,0.0156481,0
6,0.0025122,0.0025122,367,0.00153011,-0.0318141
7,0.0171771,0.0171771,183,0.0157989,-0.0168879
8,0.0140452,0.0140452,183,0.0140452,-0.00512339
9,0.0153642,0.0153642,183,0.0139071,-0.02418
10,0.0147985,0.0147985,183,0.0147545,-0.00883348
11,0.0169186,0.0169186,183,0.0155839,0
12,0.0168009,0.0168009,183,0.0159896,0
13,0.0156551,0.0156551,183,0.0152119,-0.00351706
14,0.0190791,0.0190791,548,0.0120823,-0.0482047
15,0.0008709,0.0008709,1097,0.000742194,-0.0482606
16,0.00166951,0.00166951,1097,-0.000413987,-0.048253
17,0.0180067,0.0180067,367,0.0112544,-0.0309449
18,0.0197535,0.0197535,1097,0.0135421,-0.0444092
19,0.0145216,0.0145216,183,0.0131353,-0.0152066
20,0.018201,0.018201,183,0.0151338,-0.0404187
21,0.0173605,0.0173605,183,0.0160315,-0.00231506
22,0.0169493,0.0169493,183,0.0158966,-0.00078864
23,0.0186323,0.0186323,1097,0.0156508,-0.0473224
24,0.01666,0.01666,1097,0.00491617,-0.0523981
25,0.00663347,0.00663347,913,0.00454668,-0.0452598
26,0.0161063,0.0161063,183,0.0155162,-0.0381509
27,0.0148549,0.0148549,183,0.0140576,-0.00769133
28,0.0124817,0.0124817,183,0.0114502,-0.0191214
29,0.00807389,0.00807389,1097,0.00612435,-0.0527699
30,0.014975,0.014975,183,0.0144013,0
31,0.019372,0.019372,548,0.0161045,-0.0234504
32,0.016437,0.016437,183,0.0145289,-0.0141898
33,0.0151093,0.0151093,183,0.0139962,-0.00766074
34,0.00396743,0.00396743,183,0.00396743,-0.0112993
35,0.0192268,0.0192268,183,0.0161084,-0.00508393
36,0.0297551,0.0297551,913,0.0114488,-0.045498
37,-0.00506029,-0.00506029,1097,-0.00673428,-0.0573403
38,0.0158795,0.0158795,183,0.0139774,-0.0045744
39,0.0167252,0.0167252,367,0.0140283,-0.0362609
40,0.012515,0.012515,1097,0.00497248,-0.0437715
41,0.0159654,0.0159654,183,0.0153736,0
42,0.0195815,0.0195815,183,0.0162545,-0.0213655
43,0.00259877,0.00259877,183,0.00259877,-0.0172548
44,0.0279468,0.0279468,548,0.0105806,-0.0480057
45,0.0139114,0.0139114,183,0.0132032,-0.00339053
46,0.01469,0.01469,183,0.0145725,-0.00768235
47,0.0176148,0.0176148,183,0.0139687,-0.0358772
48,0.012261,0.012261,1097,0.0118618,-0.0482244
49,0.0200615,0.0200615,183,0.0148407,-0.0131883
50,0.0172467,0.0172467,183,0.0161395,-0.0316183
51,0.0192918,0.0192918,183,0.0154298,-0.0058761
52,0.0177322,0.0177322,183,0.01452,0
53,0.0149774,0.0149774,183,0.0130768,-0.00955135
54,0.0156466,0.0156466,367,0.0127945,-0.0441728
55,0.0194347,0.0194347,548,0.0148144,-0.0386063
56,0.0193977,0.0193977,183,0.0161329,-0.00770224
57,0.00787676,0.00787676,1097,-0.0288518,-0.0579597
58,0.0142131,0.0142131,183,0.0125103,-0.00756906
59,0.0176569,0.0176569,183,0.0126134,-0.0146179
60,0.0192683,0.0192683,1097,0.0129811,-0.0461143
61,0.0192374,0.0192374,913,0.0145502,-0.0434656
62,0.017554,0.017554,183,0.0161142,-0.00340263
63,0.0179801,0.0179801,183,0.0163514,-0.0140241
64,0.0168473,0.0168473,183,0.0150331,-0.00578223
65,0.0144957,0.0144957,183,0.0133511,-0.00389071
66,0.0132501,0.0132501,183,0.0127952,-0.0212271
67,0.0182887,0.0182887,183,0.0162718,-0.0255071
68,0.0149831,0.0149831,183,0.01485,-0.0116772
69,0.0254521,0.0254521,548,0.0120464,-0.048765
70,0.0146636,0.0146636,183,0.0139154,-0.0199349
71,0.0199863,0.0199863,183,0.0140568,-0.0219371
72,0.0139063,0.0139063,183,0.0120048,-0.00815543
73,0.0159221,0.0159221,367,0.00994552,-0.0350505
74,0.012225,0.012225,913,0.00874341,-0.0486763
75,0.0163054,0.0163054,183,0.0146947,-0.00729889
76,0.0133226,0.0133226,183,0.0121792,-0.011509
77,0.016573,0.016573,183,0.0153682,-0.0114008
78,-0.000195277,-0.000195277,1097,-0.000195277,-0.0511813
79,0.0184949,0.0184949,183,0.0147645,-0.0016708
80,0.0174917,0.0174917,183,0.0150495,-4.16975e-06
81,0.0151432,0.0151432,367,0.0132806,-0.0389956
82,0.017462,0.017462,183,0.0160486,-0.00664669
83,0.021246,0.021246,1097,0.0136589,-0.0447654
84,0.0116542,0.0116542,183,0.0116491,-0.00849751
85,0.00707693,0.00707693,367,0.00707693,-0.048098
86,0.0143575,0.0143575,183,0.0132834,0
87,0.0104573,0.0104573,367,0.00918052,-0.0351485
88,0.0203188,0.0203188,367,0.0138241,-0.0291576
89,0.0181338,0.0181338,183,0.014286,-0.0106673
90,0.0183927,0.0183927,183,0.0161739,-0.00375428
91,0.0158576,0.0158576,183,0.0155922,-0.00038478
92,0.0517537,0.0517537,1097,0.0161178,-0.0441603
93,0.0227654,0.0227654,1097,0.0106513,-0.0465192
94,0.0154716,0.0154716,548,0.0113689,-0.045903
95,0.0151785,0.0151785,183,0.0146244,-0.00465346
96,0.0152865,0.0152865,183,0.014372,-0.00983068
97,0.0143293,0.0143293,183,0.0140669,-0.00547036
98,0.0163334,0.0163334,183,0.0142245,-0.00286561
99,0.0162028,0.0162028,183,0.0153419,-0.0217629
100,0.036634,0.036634,183,0.0147576,-0.0144939
101,0.0164077,0.0164077,183,0.0156441,-0.00575588
102,0.0188458,0.0188458,183,0.0149538,-0.0143528
103,0.018417,0.018417,183,0.015819,-0.00705496
104,0.0132687,0.0132687,183,0.0132247,-0.00680866
105,0.0172059,0.0172059,183,0.0161411,0
106,0.016546,0.016546,183,0.0152439,-0.0125589
107,0.0106577,0.0106577,183,0.0106577,-0.0176769
108,0.0144208,0.0144208,183,0.0144142,-0.0174839
109,0.017567,0.017567,183,0.0162823,-0.0065874
110,0.0183321,0.0183321,732,0.0153289,-0.0413136
111,0.00628895,0.00628895,913,0.00569565,-0.050576
112,0.0154922,0.0154922,183,0.0144166,-0.00085374
113,0.0122444,0.0122444,183,0.0117712,-0.00441664
114,0.00875101,0.00875101,183,0.00875101,-0.0229804
115,0.0182254,0.0182254,183,0.0162282,-0.0100659
116,0.0163606,0.0163606,183,0.0157587,0
117,0.0279044,0.0279044,913,0.0148502,-0.0448862
118,0.017797,0.017797,183,0.0159517,-0.0039665
119,0.0160115,0.0160115,1097,0.0150069,-0.0436235
120,0.0121965,0.0121965,183,0.0121829,-0.000714461
121,0.0101249,0.0101249,913,0.00607358,-0.0414569
122,0.0126594,0.0126594,1097,0.0124568,-0.0486718
123,0.0174848,0.0174848,367,0.0146895,-0.0183408
124,0.0174279,0.0174279,183,0.0155773,-0.000610738
125,0.0169955,0.0169955,183,0.0144146,-0.00217629
126,0.0153901,0.0153901,183,0.0152714,-0.00100709
127,0.00961717,0.00961717,548,0.00930624,-0.0495477
128,0.0146323,0.0146323,367,0.00938461,-0.0303322
129,0.0164627,0.0164627,732,0.0141946,-0.0412277
130,0.0156384,0.0156384,183,0.0146847,-0.00854203
131,0.019105,0.019105,367,0.0143808,-0.0344511
132,0.0152749,0.0152749,183,0.0127875,-0.00402078
133,-0.00633558,-0.00633558,1097,-0.00699932,-0.0599176
134,0.0167127,0.0167127,548,0.0103072,-0.0464098
135,0.0103024,0.0103024,183,0.0103024,-0.0208376
136,0.0217486,0.0217486,548,0.0161864,-0.0435857
137,0.0184937,0.0184937,183,0.0156746,-0.0013957
138,0.0187681,0.0187681,1097,0.016069,-0.0420696
139,0.0207342,0.0207342,1097,0.00703802,-0.0460782
140,0.0139043,0.0139043,183,0.0121077,-0.00992101
141,0.0183557,0.0183557,183,0.0152133,-0.00192134
142,0.010285,0.010285,1097,0.0101326,-0.0456885
143,0.0179841,0.0179841,183,0.0161087,-0.00392013
144,0.0162418,0.0162418,183,0.0152085,-0.00112345
145,0.0180442,0.0180442,183,0.0159454,-0.00667978
146,0.0178526,0.0178526,183,0.0118999,-0.0478806
147,0.0154512,0.0154512,183,0.0146025,0
148,0.0152898,0.0152898,183,0.0147244,-0.00370814
149,-0.0189483,-0.0189483,548,-0.0208054,-0.0654481
150,0.0507288,0.0507288,548,0.00857584,-0.0354042
151,0.0272895,0.0272895,183,0.0162608,-0.0233511
152,0.0197315,0.0197315,183,0.0155395,-0.0104376
153,0.017865,0.017865,183,0.0148998,-0.0111401
154,0.0135899,0.0135899,367,0.0118369,-0.0473306
155,0.01261,0.01261,183,0.0124864,-0.0366508
156,0.0183663,0.0183663,183,0.0160676,0
157,0.00456813,0.00456813,183,0.00456813,-0.0317349
158,0.015983,0.015983,183,0.0142194,-0.0121818
159,0.0173392,0.0173392,367,0.0151901,-0.044214
160,0.018178,0.018178,183,0.0163711,0
161,0.0154536,0.0154536,183,0.0151857,-0.000676479
162,0.0219802,0.0219802,367,0.0159082,-0.0413023
163,0.0173827,0.0173827,183,0.0147678,-0.0113246
164,0.0176795,0.0176795,183,0.015882,-0.022332
165,0.0155415,0.0155415,183,0.0153944,-0.000616721
166,0.0186791,0.0186791,183,0.0159239,-0.00248448
167,0.0179566,0.0179566,732,0.0106892,-0.0489278
168,0.00804314,0.00804314,1097,0.00649566,-0.0496586
169,0.0164719,0.0164719,183,0.015393,-0.0093966
170,0.00579559,0.00579559,1097,0.00553269,-0.0514631
171,0.0203264,0.0203264,367,0.0159625,-0.0088363
172,0.0133001,0.0133001,183,0.0130141,-0.00838169
173,0.0193107,0.0193107,183,0.0157747,-0.00753742
174,0.0161675,0.0161675,183,0.0151709,-0.0158043
175,0.015339,0.015339,183,0.0145083,-0.00138632
176,0.0132805,0.0132805,548,0.0100959,-0.0406003
177,0.0173968,0.0173968,183,0.0159475,-0.00778425
178,0.0204124,0.0204124,183,0.0146289,-0.0261563
179,0.0208903,0.0208903,183,0.0146729,-0.00994081
180,0.0191386,0.0191386,183,0.0162446,-0.00717805
181,0.0217639,0.0217639,1097,0.00308411,-0.055386
182,0.0130671,0.0130671,367,0.0130671,-0.0421683
183,0.0205441,0.0205441,548,0.014567,-0.046208
184,0.0168054,0.0168054,183,0.016341,-0.00775236
185,0.0162741,0.0162741,183,0.0147292,-0.0107835
186,0.0194973,0.0194973,183,0.0143131,-0.0294402
187,0.0155552,0.0155552,183,0.0133021,-0.0287085
188,0.0170596,0.0170596,183,0.0154521,-0.0280019
189,0.0126276,0.0126276,1097,0.0110892,-0.0484279
190,0.0145192,0.0145192,183,0.0127379,-0.00519736
191,0.0109328,0.0109328,183,0.0109328,-0.018502
192,0.0148567,0.0148567,183,0.0148083,-0.0030771
193,0.0280592,0.0280592,913,0.0141249,-0.0441227
194,0.00984446,0.00984446,183,0.00984446,-0.0310118
195,0.0159674,0.0159674,367,0.014993,-0.0364798
196,0.0209119,0.0209119,183,0.0163711,-0.00272158
197,0.0176562,0.0176562,183,0.0161236,-0.00547588
198,0.0169658,0.0169658,183,0.0161627,-0.00464314
199,0.0157837,0.0157837,367,0.0138018,-0.0355769
200,0.0151852,0.0151852,183,0.0140232,-0.0202811
201,0.0182542,0.0182542,1097,0.0154943,-0.0445789
202,-0.0209723,-0.0209723,1097,-0.0209723,-0.068821
203,0.0248898,0.0248898,183,0.016347,-0.0145924
204,0.010243,0.010243,548,0.00939075,-0.0239442
205,0.0152944,0.0152944,183,0.0147881,-0.00821782
206,0.032757,0.032757,913,0.0149911,-0.0417112
207,-0.000967411,-0.000967411,183,-0.000967411,-0.0413061
208,0.0182722,0.0182722,183,0.0157772,-0.00387311
209,0.0104124,0.0104124,1097,0.00617355,-0.0461686
210,0.0195544,0.0195544,183,0.0163711,0
211,0.018386,0.018386,367,0.0155663,-0.0231341
212,0.0217436,0.0217436,183,0.0158771,-0.00901741
213,0.0286213,0.0286213,913,0.0059827,-0.0514179
214,0.0149928,0.0149928,183,0.0145603,-0.00273176
215,0.0180904,0.0180904,183,0.0158364,-0.00286817
216,0.0148165,0.0148165,183,0.0123085,-0.0271735
217,0.0166189,0.0166189,183,0.0156251,-0.00517007
218,0.0146576,0.0146576,183,0.0142663,-0.00562036
219,0.0134451,0.0134451,183,0.0127822,-0.0154073
220,0.0160084,0.0160084,183,0.0152268,0
221,0.00595285,0.00595285,1097,0.00545454,-0.0533199
222,-0.00753652,-0.00753652,183,-0.00753652,-0.0455421
223,-0.00524454,-0.00524454,183,-0.00524454,-0.0505073
224,0.0193601,0.0193601,183,0.0159922,-0.00077242
225,0.0518888,0.0518888,1097,0.0151407,-0.0423401
226,0.0140853,0.0140853,183,0.0111214,-0.028292
227,0.0128207,0.0128207,183,0.0121213,-0.00374756
228,0.0158744,0.0158744,183,0.0155582,0
229,0.0185648,0.0185648,183,0.0124572,-0.00617594
230,0.0160497,0.0160497,183,0.0155611,-0.00877438
231,0.0106238,0.0106238,183,0.00959825,-0.0300673
232,0.0194724,0.0194724,183,0.0158875,-0.00658962
233,0.0150495,0.0150495,183,0.0149121,0
234,0.0164262,0.0164262,548,0.0145252,-0.0450721
235,0.0155023,0.0155023,183,0.0128387,-0.00858916
236,0.0160637,0.0160637,183,0.0150927,-0.00487584
237,0.0183494,0.0183494,183,0.0159628,-0.0066444
238,0.0138519,0.0138519,367,0.0116931,-0.0285729
239,0.0329729,0.0329729,1097,0.0159211,-0.0390506
240,0.0140064,0.0140064,183,0.00995185,-0.00337108
241,0.0140713,0.0140713,183,0.0137428,-0.00168936
242,0.0157142,0.0157142,183,0.0152647,-0.00813432
243,-0.00289189,-0.00289189,913,-0.00440331,-0.048189
244,0.0162875,0.0162875,183,0.014825,-0.00228802
245,0.0128178,0.0128178,367,0.0128178,-0.0426023
246,0.01845,0.01845,183,0.0160626,-0.00508714
247,0.0137429,0.0137429,183,0.0137429,-0.00545194
248,0.0142765,0.0142765,183,0.0136701,-0.00191674
249,0.0183188,0.0183188,183,0.0162655,0
250,0.0173824,0.0173824,183,0.0161791,-0.0113738
251,0.0140823,0.0140823,183,0.0137045,0
252,0.0155608,0.0155608,183,0.0145897,-0.00105023
253,0.0165668,0.0165668,183,0.0134595,-0.0294985
254,0.0222337,0.0222337,1097,0.0131641,-0.0405803
255,0.0338222,0.0338222,1097,0.0102873,-0.0440762
256,0.0176416,0.0176416,367,0.0127288,-0.0416708
257,0.00911032,0.00911032,183,0.00911032,-0.0491249
258,0.0175399,0.0175399,1097,0.0143779,-0.0439527
259,0.0166468,0.0166468,183,0.0159944,-1.37073e-05
260,0.0163576,0.0163576,183,0.0146723,-0.0053886
261,0.0207887,0.0207887,183,0.0154656,-0.00624341
262,0.00670042,0.00670042,183,0.00670042,-0.027141
263,0.00622768,0.00622768,732,0.00496473,-0.049206
264,0.01514,0.01514,183,0.0143222,-0.0118392
265,0.014338,0.014338,183,0.0137471,-0.0227876
266,0.0243306,0.0243306,183,0.00832614,-0.0122876
267,-0.00432351,-0.00432351,183,-0.00432351,-0.0242979
268,0.0206779,0.0206779,183,0.01466,-0.00719511
269,0.0254761,0.0254761,732,0.0158373,-0.0411145
270,0.0141651,0.0141651,183,0.00780036,-0.0465964
271,0.0182399,0.0182399,183,0.0155072,-0.00846083
272,0.0178759,0.0178759,183,0.0158667,-0.0368409
273,0.0148011,0.0148011,367,0.0118726,-0.014503
274,0.00541966,0.00541966,548,0.00541966,-0.0471793
275,0.0255603,0.0255603,183,0.0156535,-0.0174531
276,0.00721408,0.00721408,183,0.00574488,-0.0147153
277,0.0171184,0.0171184,183,0.0161185,-0.00302702
278,0.0151724,0.0151724,183,0.0148926,-0.00133246
279,0.015563,0.015563,913,0.009715,-0.0483181
280,0.0158482,0.0158482,183,0.0132231,-0.014964
281,0.0160085,0.0160085,183,0.0155642,-0.00636755
282,0.0135381,0.0135381,367,0.0123735,-0.0419668
283,0.0111169,0.0111169,1097,0.0100109,-0.0451989
284,0.0153998,0.0153998,183,0.0147076,-0.00578415
285,0.0170736,0.0170736,183,0.0147334,-0.00341525
286,0.0176752,0.0176752,183,0.0141296,-0.0148735
287,0.00754356,0.00754356,367,0.00754356,-0.0462186
288,0.0192941,0.0192941,1097,0.0116805,-0.0460253
289,0.0162,0.0162,183,0.0125033,-0.0186926
290,0.0149966,0.0149966,183,0.0149455,0
291,0.0179629,0.0179629,1097,0.0126565,-0.046339
292,0.0156285,0.0156285,183,0.0152353,-0.0140273
293,0.0128002,0.0128002,183,0.0128002,-0.00207691
294,-0.00255511,-0.00255511,183,-0.00255511,-0.0174659
295,0.0158566,0.0158566,183,0.0140246,-0.00602392
296,0.0182664,0.0182664,183,0.015891,-0.00270257
297,0.0165279,0.0165279,183,0.0155519,-0.00739348
298,0.019563,0.019563,183,0.0161589,-0.0109301
299,0.0138776,0.0138776,183,0.0134177,-0.0201673
300,0.0176701,0.0176701,183,0.0145637,-0.0106158
301,0.0124943,0.0124943,183,0.0109027,-0.0215407
302,0.0187732,0.0187732,183,0.0163711,0
303,0.0149513,0.0149513,183,0.0138225,-0.00589897
304,0.00990517,0.00990517,183,0.00990517,-0.0145633
305,-0.00970273,-0.00970273,1097,-0.0118813,-0.0691381
306,0.0117727,0.0117727,183,0.0117727,-0.0119931
307,0.00445016,0.00445016,367,0.00445016,-0.0419473
308,0.0158173,0.0158173,183,0.0153359,0
309,0.0159726,0.0159726,183,0.0155923,-0.00315742
310,0.0143216,0.0143216,183,0.014295,-0.0138466
311,0.0174782,0.0174782,183,0.0160293,-0.0127189
312,0.0168377,0.0168377,183,0.013982,-0.00362356
313,0.017862,0.017862,548,0.0122833,-0.0445615
314,0.0191315,0.0191315,183,0.0139067,-0.00815243
315,0.0163076,0.0163076,183,0.0153999,-0.00473424
316,0.0221885,0.0221885,1097,0.0140006,-0.0411419
317,0.0175854,0.0175854,183,0.016253,-0.0173621
318,0.0189134,0.0189134,183,0.0154683,-0.0299702
319,0.0120665,0.0120665,183,0.0105809,-0.00472405
320,0.0167464,0.0167464,183,0.0116942,-0.0245172
321,0.0191334,0.0191334,183,0.0153553,-0.0092888
322,0.0164513,0.0164513,548,0.0117976,-0.0479819
323,0.00106698,0.00106698,1097,0.00106229,-0.0470383
324,0.0187669,0.0187669,183,0.015592,-0.0214391
325,0.0167319,0.0167319,183,0.0136364,-0.0125263
326,0.0178793,0.0178793,183,0.0163711,0
327,0.0167899,0.0167899,183,0.0143359,-0.0291594
328,0.0289837,0.0289837,367,0.01628,-0.0214124
329,0.0200498,0.0200498,183,0.0156158,0
330,0.0164315,0.0164315,183,0.0153928,0
331,0.0198895,0.0198895,548,0.0149946,-0.0265517
332,0.0265039,0.0265039,548,0.016094,-0.035161
333,0.0140352,0.0140352,183,0.0137354,-0.00841531
334,0.00168002,0.00168002,548,0.00168002,-0.0428624
335,0.0191702,0.0191702,1097,0.0122558,-0.0449829
336,-0.0122476,-0.0122476,1097,-0.0127722,-0.0573741
337,0.0154428,0.0154428,183,0.0148332,0
338,0.0231277,0.0231277,183,0.0162636,-0.0156395
339,0.148242,0.148242,1097,-0.00527862,-0.0497187
340,0.013394,0.013394,183,0.0127125,-0.0133288
341,0.0216839,0.0216839,183,0.0147048,-0.0134897
342,0.0165597,0.0165597,183,0.0161411,0
343,0.0152635,0.0152635,183,0.0137997,-0.00671248
344,0.0171148,0.0171148,183,0.0161877,0
345,0.0144192,0.0144192,732,0.0107057,-0.0458039
346,0.0147743,0.0147743,183,0.0131045,-0.00545578
347,0.0144693,0.0144693,548,0.00774862,-0.0454499
348,0.0165963,0.0165963,183,0.0153121,-0.00322242
349,0.0148352,0.0148352,183,0.0127938,-0.0195037
350,0.0168164,0.0168164,183,0.0162111,-0.000822463
351,0.0155136,0.0155136,732,0.00937174,-0.0496642
352,0.00672665,0.00672665,548,0.00672245,-0.0389555
353,0.0174666,0.0174666,183,0.0159374,-0.00636696
354,0.0235771,0.0235771,367,0.0154956,-0.0149524
355,0.0166765,0.0166765,183,0.0146761,-0.0112395
356,0.0144167,0.0144167,183,0.0135684,-0.00424522
357,0.0183869,0.0183869,183,0.0162538,-0.0141553
358,0.0156684,0.0156684,183,0.0144804,-0.0180664
359,0.030928,0.030928,183,0.0151694,-0.0114033
360,0.0177366,0.0177366,183,0.0162068,-0.000759799
361,0.0159939,0.0159939,183,0.015325,0
362,0.0163025,0.0163025,1097,0.0151719,-0.0449815
363,0.017576,0.017576,183,0.0156534,-0.00439163
364,0.0183233,0.0183233,183,0.0146638,-0.00496369
365,0.0118707,0.0118707,367,0.0118707,-0.044097
366,0.0181658,0.0181658,183,0.0163711,0
367,0.0135627,0.0135627,183,0.0133366,-0.00622089
368,0.0150843,0.0150843,183,0.0132014,-0.0254938
369,0.0159544,0.0159544,183,0.0156349,-0.00427468
370,0.0156897,0.0156897,183,0.0140469,0
371,0.0148481,0.0148481,183,0.0142475,-0.0132614
372,0.014313,0.014313,183,0.0135354,-0.00369104
373,0.0114207,0.0114207,183,0.010892,-0.0449442
374,0.0129568,0.0129568,183,0.0124143,-0.00486997
375,-0.0046013,-0.0046013,183,-0.0046013,-0.0323386
376,0.0101965,0.0101965,1097,0.00816955,-0.0463762
377,0.0161994,0.0161994,183,0.0144876,-0.0168955
378,0.0109728,0.0109728,183,0.0100812,-0.0195446
379,0.0224828,0.0224828,183,0.0154682,-0.0356254
380,0.0184523,0.0184523,183,0.0155657,-0.00926797
381,0.0154718,0.0154718,183,0.014347,-0.00658204
382,0.0156712,0.0156712,548,0.0100489,-0.0496762
383,0.0256107,0.0256107,183,0.0152254,-0.0202301
384,-0.012768,-0.012768,1097,-0.0145699,-0.042144
385,0.0167825,0.0167825,183,0.0141195,-0.0206415
386,0.0175419,0.0175419,183,0.0157061,0
387,0.0201548,0.0201548,183,0.0163711,-0.00664958
388,0.0161809,0.0161809,183,0.0143083,-0.0131349
389,0.0132168,0.0132168,1097,0.0120616,-0.0458875
390,0.0146441,0.0146441,183,0.0137204,-0.0136371
391,-0.011498,-0.011498,183,-0.011498,-0.0139836
392,0.0136117,0.0136117,183,0.0136117,-0.00252355
393,0.0124932,0.0124932,732,0.0122492,-0.0480339
394,0.0154147,0.0154147,367,0.0132713,-0.0401357
395,0.0286823,0.0286823,183,0.0125357,-0.0184652
396,0.0173251,0.0173251,183,0.0151399,-0.012204
397,-0.00332159,-0.00332159,1097,-0.00349869,-0.0509931
398,0.0147552,0.0147552,183,0.013169,-0.0105856
399,0.015796,0.015796,183,0.01561,-0.00128087
400,0.0146222,0.0146222,183,0.0135602,-0.00188907
401,0.0141253,0.0141253,183,0.0139895,-0.0296681
402,0.0134944,0.0134944,183,0.0134897,0
403,0.0184989,0.0184989,183,0.0153846,-0.0470847
404,0.0239498,0.0239498,183,0.0155702,-0.0140092
405,0.015816,0.015816,548,0.0121708,-0.0250183
406,0.011845,0.011845,183,0.011845,-0.00528442
407,0.0155693,0.0155693,183,0.0152632,-0.000172726
408,0.0161576,0.0161576,183,0.0159625,-9.61747e-05
409,0.0162966,0.0162966,183,0.0136417,-0.0321859
410,0.0121058,0.0121058,183,0.0120824,-0.00360267
411,-0.00972801,-0.00972801,367,-0.0103866,-0.0489681
412,0.0108057,0.0108057,183,0.0101994,-0.0258448
413,0.0184895,0.0184895,183,0.0159981,-0.00233897
414,0.0126632,0.0126632,183,0.0126559,-0.0389889
415,0.0197321,0.0197321,183,0.0154389,-0.0199256
416,0.0186618,0.0186618,548,0.0138602,-0.0452311
417,0.0167925,0.0167925,183,0.0161096,0
418,0.0302248,0.0302248,1097,0.0117939,-0.0301665
419,0.0147803,0.0147803,367,0.0128623,-0.0381334
420,0.0168706,0.0168706,183,0.0163711,-0.00769629
421,0.0159848,0.0159848,183,0.0136916,-0.00254848
422,0.0156958,0.0156958,183,0.0154133,0
423,0.0195547,0.0195547,183,0.0155798,-0.00474369
424,0.0182095,0.0182095,183,0.0161019,0
425,0.0100186,0.0100186,183,0.00499792,-0.0153307
426,0.0161315,0.0161315,183,0.015819,0
427,0.0136685,0.0136685,183,0.0136685,-0.00304709
428,0.02418,0.02418,183,0.0159773,-0.00877254
429,0.011995,0.011995,367,0.0114556,-0.0395325
430,0.017694,0.017694,183,0.0162632,-0.00595395
431,0.00311006,0.00311006,367,5.25177e-05,-0.0509709
432,0.0168454,0.0168454,183,0.0161251,0
433,0.0211518,0.0211518,367,0.0162264,-0.0378886
434,0.021555,0.021555,548,0.0162514,-0.0314282
435,0.0112239,0.0112239,1097,0.011176,-0.0472458
436,0.0148382,0.0148382,183,0.0146056,-0.00150612
437,0.0194334,0.0194334,548,0.0158535,-0.0457735
438,0.0199894,0.0199894,183,0.0157618,-0.0241406
439,0.000937426,0.000937426,1097,0.000827635,-0.0482362
440,0.0186267,0.0186267,183,0.0163512,0
441,0.0266654,0.0266654,183,0.0119838,-0.0414922
442,0.0179262,0.0179262,183,0.0139012,-0.0386558
443,0.00821376,0.00821376,183,0.00821376,-0.0310989
444,0.0156463,0.0156463,183,0.0116123,-0.0219575
445,0.0168087,0.0168087,183,0.0158304,-0.00827413
446,0.0239558,0.0239558,183,0.0125342,-0.0465139
447,0.0154019,0.0154019,183,0.0127819,-0.0108779
448,0.0184308,0.0184308,183,0.0160363,-0.000825051
449,0.0155325,0.0155325,548,0.0145314,-0.0468683
450,0.01966,0.01966,183,0.0160046,-0.0150902
451,0.0156052,0.0156052,183,0.0146625,-0.0155039
452,0.0150739,0.0150739,183,0.0149258,-0.0017216
453,-0.00680292,-0.00680292,183,-0.00680292,-0.03124
454,0.0152819,0.0152819,183,0.015235,-0.00710694
455,0.0177403,0.0177403,183,0.0162306,-0.00687111
456,0.0138071,0.0138071,367,0.0135192,-0.04333
457,0.0155309,0.0155309,183,0.0151777,-0.00394431
458,0.020594,0.020594,183,0.0123392,-0.0226396
459,0.0179952,0.0179952,183,0.0146227,-0.0248506
460,0.0133215,0.0133215,183,0.0133215,-0.0422689
461,0.0121512,0.0121512,183,0.0121141,-0.00310495
462,0.0211432,0.0211432,183,0.0150686,-0.0158451
463,0.0163064,0.0163064,183,0.0158331,-0.00353023
464,0.00854041,0.00854041,183,0.00854041,-0.000519086
465,0.0154814,0.0154814,183,0.0139239,0
466,0.0164174,0.0164174,183,0.0141524,-0.0330192
467,0.00882715,0.00882715,1097,0.0083864,-0.0501788
468,0.0149136,0.0149136,183,0.0101734,-0.00902564
469,0.0206048,0.0206048,183,0.0131594,-0.0239648
470,0.0133398,0.0133398,183,0.0118601,-0.020879
471,0.012188,0.012188,183,0.0121468,-0.00234441
472,0.0140078,0.0140078,183,0.0134176,-0.0105605
473,0.0257998,0.0257998,548,0.0146546,-0.0282376
474,0.0199075,0.0199075,183,0.015971,-0.00482305
475,0.0166808,0.0166808,183,0.013934,-0.0101422
476,0.0197843,0.0197843,183,0.0159767,-0.0213112
477,0.0126706,0.0126706,1097,0.0109501,-0.0495244
478,0.0155451,0.0155451,183,0.0153078,-0.0039024
479,0.0172438,0.0172438,1097,0.0136314,-0.0463901
480,0.0132696,0.0132696,367,0.0100084,-0.0488825
481,0.021562,0.021562,183,0.015829,-0.0147589
482,0.014492,0.014492,183,0.014492,0
483,0.0178654,0.0178654,183,0.0163711,-0.00579678
484,0.0208768,0.0208768,1097,0.0152029,-0.0438328
485,0.0175124,0.0175124,732,0.0120644,-0.0492772
486,0.0170982,0.0170982,183,0.0154911,-0.0257123
487,0.0150713,0.0150713,183,0.0144105,-0.00167793
488,0.0144873,0.0144873,183,0.0125743,-0.0166356
489,0.0158234,0.0158234,183,0.0152514,0
490,0.0153833,0.0153833,183,0.0149915,-0.00341617
491,0.0163179,0.0163179,1097,0.00484244,-0.0551272
492,0.0148389,0.0148389,183,0.0147498,-0.00435989
493,0.0168964,0.0168964,1097,0.0137353,-0.0465231
494,0.0185651,0.0185651,183,0.0155232,-0.0380212
495,0.0107421,0.0107421,183,0.0107421,-0.00709888
496,0.0186064,0.0186064,183,0.015361,-0.00209835
497,0.0139054,0.0139054,183,0.013302,-0.00887182
498,0.0188683,0.0188683,183,0.0157622,-0.00689204
499,0.0120002,0.0120002,183,0.0120002,-0.0176502
500,0.0107579,0.0107579,183,0.0107579,-0.0458351
501,0.014817,0.014817,183,0.014817,-0.0145284
502,0.0165721,0.0165721,183,0.0159397,0
503,0.0195046,0.0195046,183,0.0159698,-0.00444815
504,0.0251269,0.0251269,183,0.0153683,-0.0376964
505,0.0212556,0.0212556,548,0.0144652,-0.0347362
506,0.0162294,0.0162294,183,0.0152168,0
507,0.015031,0.015031,183,0.0123353,-0.0100418
508,0.009584,0.009584,1097,0.0091626,-0.0485406
509,0.0200805,0.0200805,183,0.0160209,0
510,0.0163662,0.0163662,183,0.0161175,0
511,0.0179485,0.0179485,183,0.0154417,-0.017008
512,0.0248576,0.0248576,183,0.0155134,-0.0184732
513,0.00420397,0.00420397,732,0.00226032,-0.0542243
514,0.0338786,0.0338786,913,0.0153743,-0.0461769
515,0.0149433,0.0149433,183,0.0125389,-0.0143826
516,0.016355,0.016355,183,0.0143952,-0.00124234
517,0.0171548,0.0171548,183,0.0163711,0
518,0.0162535,0.0162535,183,0.0159009,-0.0285569
519,0.0154259,0.0154259,183,0.0141005,-0.0086281
520,0.0239635,0.0239635,183,0.0163711,-0.0203387
521,0.0087422,0.0087422,183,0.0087422,-0.00320084
522,0.0143343,0.0143343,367,0.0111242,-0.0370295
523,0.0129292,0.0129292,183,0.0125083,0
524,0.0156151,0.0156151,183,0.0151143,-0.00374795
525,0.0183716,0.0183716,183,0.0158118,-0.00273842
526,0.0179441,0.0179441,183,0.0157732,-0.00523189
527,0.0182653,0.0182653,183,0.0157166,-0.0157187
528,0.0124105,0.0124105,183,0.0104079,-0.0153776
529,0.0197645,0.0197645,183,0.0141276,-0.0268682
530,0.0157518,0.0157518,183,0.0130856,-0.00903344
531,0.00859583,0.00859583,183,0.00845031,-0.0184048
532,0.0108868,0.0108868,183,0.0106989,-0.0343856
533,0.0157453,0.0157453,183,0.0141767,-0.00889142
534,0.0134641,0.0134641,183,0.0127461,-0.018969
535,0.00278435,0.00278435,183,0.00278435,-0.0179554
536,0.00247302,0.00247302,183,0.00247302,-0.00916105
537,0.0253899,0.0253899,1097,0.00862532,-0.0493504
538,0.0146516,0.0146516,183,0.0145687,-0.0124557
539,0.012035,0.012035,367,0.00920091,-0.0474884
540,0.00938679,0.00938679,183,0.00850228,-0.0189387
541,0.0149118,0.0149118,1097,0.00766522,-0.0421688
542,0.00755987,0.00755987,732,-0.00754391,-0.0679493
543,0.0165055,0.0165055,183,0.0154681,-0.0127522
544,0.0173671,0.0173671,183,0.0162701,-0.0005833
545,0.0160896,0.0160896,183,0.0118078,-0.00484841
546,0.0134855,0.0134855,183,0.0133074,-0.00666228
547,0.0164659,0.0164659,183,0.0161304,-0.00766439
548,0.0124958,0.0124958,183,0.0101865,-0.0177929
549,0.0128163,0.0128163,183,0.0115025,-0.0108059
550,0.0165359,0.0165359,183,0.0153958,-0.0104411
551,0.0150348,0.0150348,183,0.0146299,-0.00190822
552,0.0186402,0.0186402,367,0.0160277,-0.0276707
553,0.0146725,0.0146725,183,0.0139478,-0.00372753
554,0.00154147,0.00154147,183,0.00154147,-0.0340322
555,0.0191899,0.0191899,183,0.00926461,-0.0386665
556,0.0282118,0.0282118,732,0.0109986,-0.0472962
557,0.0322187,0.0322187,1097,0.0159262,-0.0322345
558,0.00998108,0.00998108,183,0.00998108,-0.0179346
559,0.0133307,0.0133307,183,0.0127429,-0.01411
560,0.0190636,0.0190636,183,0.0159096,-0.00307487
561,0.019288,0.019288,183,0.0162607,-0.00558068
562,0.0165731,0.0165731,183,0.0154429,-0.0156214
563,0.0148603,0.0148603,183,0.014056,-0.0120201
564,0.0191872,0.0191872,183,0.016199,-0.00943494
565,0.0182623,0.0182623,548,0.0155732,-0.0335892
566,0.0148518,0.0148518,183,0.0144409,-0.0252674
567,0.0242381,0.0242381,367,0.0149729,-0.0430445
568,0.0109787,0.0109787,548,0.00966685,-0.0367636
569,0.0267914,0.0267914,732,0.0161346,-0.0429962
570,0.0114205,0.0114205,367,0.00986394,-0.0438464
571,0.0227965,0.0227965,1097,0.0143816,-0.0452804
572,0.0161953,0.0161953,183,0.0142893,-0.00303212
573,0.0148208,0.0148208,183,0.0147078,0
574,0.0204177,0.0204177,183,0.0161139,-0.02827
575,0.00833006,0.00833006,1097,0.00686222,-0.0410374
576,0.00839224,0.00839224,183,0.00839224,-0.0110601
577,0.0138714,0.0138714,183,0.0128013,-0.0325131
578,0.0222675,0.0222675,183,0.0156375,-0.0274724
579,0.0140876,0.0140876,183,0.0122154,-0.0205058
580,0.0174034,0.0174034,183,0.0157216,0
581,0.0184722,0.0184722,183,0.0158292,-0.000871253
582,0.0155562,0.0155562,183,0.0148532,-0.0102277
583,0.0142974,0.0142974,183,0.0137589,-0.0100206
584,0.012039,0.012039,183,0.0119413,-0.032526
585,0.0161087,0.0161087,183,0.0154861,-0.00781521
586,0.0172937,0.0172937,183,0.0160036,0
587,0.0174488,0.0174488,183,0.015176,-0.0325538
588,0.0124963,0.0124963,183,0.012463,-0.00235377
589,0.0131119,0.0131119,183,0.0131023,-0.0118171
590,0.0268915,0.0268915,367,0.0145016,-0.0325797
591,0.0118585,0.0118585,1097,0.00968881,-0.0493175
592,0.0194182,0.0194182,183,0.015734,-0.0112327
593,0.017379,0.017379,183,0.0158018,-0.0062052
594,0.0165105,0.0165105,183,0.015841,-0.00221528
595,0.0164122,0.0164122,183,0.0143006,-0.0078993
596,0.0180902,0.0180902,732,0.00856141,-0.0466378
597,0.0175459,0.0175459,183,0.0158776,-0.00662926
598,0.0156631,0.0156631,183,0.0154718,0
599,0.0178587,0.0178587,183,0.0158858,-0.00384125
600,0.0174451,0.0174451,183,0.0127708,-0.00874821
601,0.0200796,0.0200796,183,0.016033,-0.0027565
602,0.0147735,0.0147735,183,0.0143964,-0.00205514
603,0.0136033,0.0136033,367,0.0123291,-0.0439597
604,0.0139418,0.0139418,1097,0.0117449,-0.0520695
605,0.0158505,0.0158505,183,0.0142672,-0.010512
606,0.0158444,0.0158444,183,0.014312,-0.00500872
607,0.0152247,0.0152247,183,0.0150795,0
608,0.014026,0.014026,183,0.0118821,-0.0191504
609,0.020942,0.020942,367,0.0140884,-0.040947
610,0.0145524,0.0145524,1097,0.0136482,-0.0462952
611,0.0216809,0.0216809,1097,0.0156316,-0.0410183
612,0.00193985,0.00193985,913,-0.00126266,-0.0495188
613,0.0113106,0.0113106,913,0.00275673,-0.0541321
614,0.0142948,0.0142948,1097,0.0089696,-0.0492199
615,0.016695,0.016695,183,0.0160661,0
616,0.018281,0.018281,183,0.0161664,-0.00986896
617,0.0041044,0.0041044,1097,0.00402024,-0.050156
618,0.0149688,0.0149688,183,0.0139447,-0.0180942
619,0.0186069,0.0186069,183,0.0162377,-0.00828755
620,0.0139698,0.0139698,732,0.0119221,-0.040088
621,0.0202082,0.0202082,183,0.01635,-0.0230277
622,0.0120064,0.0120064,367,0.010334,-0.0385781
623,0.0171211,0.0171211,183,0.0136018,-0.0176544
624,0.0179742,0.0179742,183,0.0141932,-0.0257055
625,0.00951919,0.00951919,367,0.00750672,-0.0415547
626,0.0160458,0.0160458,183,0.0160453,-0.000253617
627,0.00105819,0.00105819,183,0.00105819,-0.00902967
628,0.0117738,0.0117738,367,0.00712525,-0.0223468
629,0.0175169,0.0175169,183,0.0160903,-0.00219862
630,0.0164585,0.0164585,183,0.0144354,-0.0112075
631,0.0229631,0.0229631,183,0.0148171,-0.00228089
632,0.0164355,0.0164355,183,0.015767,-0.00978669
633,0.0361512,0.0361512,183,0.0151962,-0.0376118
634,0.0152118,0.0152118,548,0.0109701,-0.0373918
635,0.0136874,0.0136874,183,0.0135835,-0.00893651
636,0.0161725,0.0161725,183,0.0159582,-0.0105428
637,0.0185132,0.0185132,913,0.011203,-0.0402965
638,0.0053205,0.0053205,183,0.0053205,-0.0268222
639,0.0127605,0.0127605,367,0.00969013,-0.0463084
640,0.0175409,0.0175409,183,0.0144108,-0.0123643
641,0.0174348,0.0174348,183,0.0161589,0
642,0.0167192,0.0167192,183,0.0159387,-0.00742767
643,0.00501706,0.00501706,1097,0.00367007,-0.0501365
644,0.0205976,0.0205976,183,0.0160699,0
645,0.013504,0.013504,183,0.0134393,0
646,-0.00296104,-0.00296104,1097,-0.00350005,-0.0522943
647,0.0133509,0.0133509,183,0.0126076,-0.0170184
648,0.018278,0.018278,183,0.015519,-0.00765625
649,0.0158415,0.0158415,183,0.0133781,-0.0205633
650,0.0207836,0.0207836,183,0.0163711,-0.0273092
651,0.00282433,0.00282433,183,0.00282433,-0.0357726
652,0.0320071,0.0320071,1097,0.0163711,-0.0255769
653,0.0154553,0.0154553,183,0.0141157,-0.0135757
654,0.0179581,0.0179581,367,0.0152365,-0.0229574
655,0.0186123,0.0186123,183,0.0163711,0
656,0.014433,0.014433,183,0.010794,-0.0111699
657,0.0172901,0.0172901,183,0.0120448,0
658,0.0129107,0.0129107,183,0.0126144,-0.00954392
659,0.0257835,0.0257835,367,0.0152332,-0.0328683
660,0.0172998,0.0172998,183,0.0161506,0
661,0.00930939,0.00930939,913,0.00754556,-0.0447868
662,0.0162438,0.0162438,548,0.0157056,-0.0439267
663,0.0184858,0.0184858,183,0.0161331,-0.00144801
664,0.015824,0.015824,183,0.0138985,-0.00341645
665,0.0142616,0.0142616,183,0.0139231,-0.00383313
666,0.0202285,0.0202285,913,0.0142868,-0.0394974
667,0.0171837,0.0171837,183,0.0152185,-0.0411536
668,0.0182705,0.0182705,183,0.0162507,-0.000735917
669,0.0168658,0.0168658,183,0.0146009,-0.0154811
670,0.0125142,0.0125142,183,0.0123993,-0.0103088
671,0.0164439,0.0164439,183,0.0142151,-0.00981474
672,0.0336193,0.0336193,1097,0.0149403,-0.0483812
673,0.0337082,0.0337082,1097,0.00593433,-0.0515697
674,0.0110744,0.0110744,548,0.00858515,-0.0515946
675,0.0194825,0.0194825,367,0.0159182,-0.0293266
676,0.0110366,0.0110366,183,0.0110366,-0.0230601
677,0.0214383,0.0214383,367,0.0136032,-0.0188781
678,0.0134927,0.0134927,1097,0.0122309,-0.0434608
679,0.016103,0.016103,183,0.0158107,-0.00042084
680,0.0159317,0.0159317,183,0.0156899,-0.00476857
681,0.00820947,0.00820947,183,0.00820947,-0.0165683
682,0.0188436,0.0188436,183,0.0163711,-0.00605129
683,0.0175648,0.0175648,183,0.015351,-0.00197928
684,0.0189562,0.0189562,183,0.00857785,-0.0285073
685,0.015331,0.015331,183,0.0148837,-0.00100465
686,0.0167489,0.0167489,183,0.0162515,0
687,0.0147453,0.0147453,183,0.0140063,-0.00776283
688,0.0248098,0.0248098,732,0.0141961,-0.0409879
689,0.013901,0.013901,183,0.013705,-0.000805421
690,0.0013544,0.0013544,183,0.0013544,-0.0479813
691,0.017731,0.017731,183,0.0158886,-0.00301504
692,0.0153213,0.0153213,183,0.0153036,0
693,0.0164305,0.0164305,183,0.0141823,-0.0108166
694,0.0164617,0.0164617,183,0.0149012,-0.0296852
695,0.0190251,0.0190251,183,0.0130191,-0.0269112
696,0.0180177,0.0180177,183,0.014615,-0.0140282
697,0.0144304,0.0144304,183,0.0129755,0
698,0.0222833,0.0222833,548,0.012939,-0.0476835
699,0.018233,0.018233,183,0.0159467,-0.00615932
700,0.0164452,0.0164452,183,0.0157679,-0.0270718
701,0.0141293,0.0141293,183,0.0136826,-0.00153072
702,0.0147113,0.0147113,183,0.0142654,-0.0047964
703,0.0135982,0.0135982,183,0.0121561,-0.00234533
704,0.00781557,0.00781557,367,0.00715542,-0.0269024
705,0.012794,0.012794,183,0.0124403,-0.028038
706,0.0175832,0.0175832,183,0.0158595,-0.00919016
707,0.0226334,0.0226334,183,0.0162536,-0.00810914
708,0.0180836,0.0180836,183,0.0144739,-0.00224789
709,0.0162667,0.0162667,183,0.0157899,-0.0147595
710,0.0202513,0.0202513,548,0.00989063,-0.0383716
711,0.00129495,0.00129495,183,0.00129495,-0.0116488
712,0.0235915,0.0235915,183,0.0148918,-0.0164699
713,0.0179952,0.0179952,183,0.014879,-0.011782
714,0.0172228,0.0172228,183,0.0158908,-0.00426713
715,0.0141953,0.0141953,183,0.0125148,-0.0182284
716,0.0200349,0.0200349,367,0.015317,-0.038544
717,0.0199928,0.0199928,183,0.0159813,-0.0135568
718,0.0161552,0.0161552,183,0.0159652,0
719,0.0142126,0.0142126,183,0.0140808,-0.00998987
720,-0.00101874,-0.00101874,732,-0.00191718,-0.0527865
721,0.0152893,0.0152893,367,0.0152893,-0.0141246
722,0.014737,0.014737,183,0.0138687,-0.0293328
723,0.0159173,0.0159173,183,0.0155496,-0.00237652
724,0.014635,0.014635,183,0.0138659,-0.0153742
725,0.0153202,0.0153202,183,0.014412,-0.00110135
726,0.00967742,0.00967742,183,0.00967742,-0.00795889
727,0.0172743,0.0172743,183,0.0139498,-0.00172147
728,0.0137233,0.0137233,183,0.0129711,-0.0198209
729,0.0205151,0.0205151,367,0.015892,-0.0330003
730,0.0119495,0.0119495,548,0.0107224,-0.0336575
731,0.015713,0.015713,183,0.0141117,-0.016877
732,0.0165972,0.0165972,367,0.0119944,-0.0449732
733,0.0176694,0.0176694,183,0.0161783,0
734,0.0175258,0.0175258,183,0.0160222,-0.0218134
735,0.0193332,0.0193332,183,0.0152235,-0.0159435
736,0.0149839,0.0149839,183,0.0142262,-0.00245405
737,0.00519865,0.00519865,183,0.00519865,-0.021066
738,0.0157632,0.0157632,183,0.0141702,-0.0171607
739,0.0148016,0.0148016,183,0.0141265,-0.00425668
740,0.0182022,0.0182022,183,0.0160284,-0.0146733
741,0.00863499,0.00863499,183,0.00863499,0
742,0.0170927,0.0170927,183,0.0158345,-0.000997005
743,0.0190421,0.0190421,183,0.0150807,-0.00656474
744,0.013636,0.013636,183,0.0118406,-0.00235209
745,0.0227711,0.0227711,183,0.01623,-0.00412734
746,0.0152408,0.0152408,183,0.0140557,-0.023719
747,0.0142769,0.0142769,183,0.0141009,-0.00273871
748,0.0154729,0.0154729,183,0.0149986,0
749,0.0147163,0.0147163,548,0.0126571,-0.042057
750,0.0192768,0.0192768,183,0.0151685,-0.0141552
751,0.0110371,0.0110371,548,0.00954682,-0.0373468
752,0.0172961,0.0172961,183,0.015613,-0.00526015
753,0.0131229,0.0131229,183,0.0120712,-0.0384389
754,0.0178339,0.0178339,732,0.0128601,-0.0372887
755,0.0170449,0.0170449,183,0.0159031,-0.0035374
756,0.0146214,0.0146214,183,0.014545,-0.00264372
757,-0.00589736,-0.00589736,367,-0.0089435,-0.0422211
758,0.015298,0.015298,183,0.014222,-0.00503637
759,0.01877,0.01877,183,0.0163711,-0.00325264
760,0.0163775,0.0163775,183,0.0150528,-0.00727741
761,0.0158653,0.0158653,367,0.0145063,-0.0383838
762,0.00535378,0.00535378,183,0.00535378,-0.0100146
763,0.0203038,0.0203038,183,0.0149104,-0.00374144
764,0.0169504,0.0169504,183,0.0154294,-0.0082274
765,0.00683184,0.00683184,183,0.00683184,-0.0151139
766,0.012032,0.012032,183,0.012032,-0.0203824
767,0.0133437,0.0133437,367,0.0133437,-0.0403334
768,0.015662,0.015662,183,0.0150191,-0.00566856
769,0.00649329,0.00649329,1097,0.0064649,-0.0494727
770,0.0177911,0.0177911,183,0.0162417,-0.00823838
771,0.0180416,0.0180416,548,0.0128009,-0.045667
772,0.014384,0.014384,183,0.0139163,-0.00395359
773,0.0171235,0.0171235,367,0.01375,-0.0462558
774,0.00716691,0.00716691,548,0.00380839,-0.0476115
775,0.010601,0.010601,183,0.010601,-0.0188464
776,0.017752,0.017752,183,0.015902,-0.00094609
777,0.0160118,0.0160118,183,0.0149513,-0.00472547
778,0.0213121,0.0213121,183,0.0140767,-0.0189486
779,0.0157921,0.0157921,183,0.0143074,-0.00651936
780,0.0191439,0.0191439,183,0.0152016,-0.00756239
781,0.0150356,0.0150356,183,0.0150356,-0.0131997
782,0.01859,0.01859,183,0.0155373,-0.0161972
783,0.0213059,0.0213059,548,0.0143945,-0.0167985
784,0.0158703,0.0158703,367,0.0141646,-0.01416
785,0.0154746,0.0154746,183,0.014321,-0.0183773
786,0.00654931,0.00654931,913,0.00640029,-0.0491546
787,0.018743,0.018743,183,0.0145764,-0.00411647
788,0.0120699,0.0120699,183,0.0120699,-0.0023965
789,-0.00564046,-0.00564046,1097,-0.00698267,-0.0562893
790,0.0146173,0.0146173,183,0.0125079,-0.00371153
791,0.0167686,0.0167686,183,0.0161342,-0.00312563
792,0.0221126,0.0221126,183,0.0156655,-0.0325738
793,0.0211736,0.0211736,1097,0.0154921,-0.0421374
794,0.0141116,0.0141116,1097,0.0125252,-0.0469991
795,0.0372832,0.0372832,183,0.0157128,-0.0327369
796,0.0170248,0.0170248,548,0.011563,-0.0409881
797,0.0140298,0.0140298,183,0.0139985,0
798,0.0161835,0.0161835,183,0.0151582,-0.00332979
799,0.0166174,0.0166174,183,0.0158707,-7.53482e-05
800,0.0163101,0.0163101,183,0.0150025,-0.0087329
801,0.0192869,0.0192869,548,0.0109469,-0.0482228
802,0.0189702,0.0189702,183,0.0160358,-0.000389031
803,0.0152862,0.0152862,1097,0.0112668,-0.0495539
804,0.018308,0.018308,913,0.0136925,-0.0444119
805,0.0168674,0.0168674,1097,0.0159458,-0.0429759
806,0.0168689,0.0168689,183,0.014828,-0.0350231
807,0.0172746,0.0172746,183,0.015392,-0.0181876
808,0.0189658,0.0189658,183,0.0159899,-0.0360587
809,0.0190025,0.0190025,183,0.0163711,-0.00364891
810,0.0190378,0.0190378,183,0.0160803,-0.0082592
811,0.01605,0.01605,183,0.0152062,-0.00760117
812,0.0178268,0.0178268,183,0.0162634,-0.00635348
813,0.0170962,0.0170962,183,0.0151344,-0.00912673
814,0.013317,0.013317,183,0.0130957,-0.00685938
815,0.0121905,0.0121905,183,0.0108562,-0.0179311
816,0.0170896,0.0170896,183,0.0144835,0
817,0.0207508,0.0207508,183,0.0147543,-0.0298316
818,0.0138416,0.0138416,183,0.012548,-0.00882261
819,0.0101784,0.0101784,183,0.0101784,-0.0460232
820,0.0177161,0.0177161,183,0.0155544,-0.00676223
821,-0.0127296,-0.0127296,1097,-0.0127388,-0.06912
822,0.0105471,0.0105471,183,0.0102735,-0.00846638
823,0.0166833,0.0166833,183,0.0152544,-0.0209716
824,0.0150385,0.0150385,183,0.0150335,-0.00313248
825,0.0190996,0.0190996,183,0.0134903,-0.00887493
826,0.0163266,0.0163266,183,0.0153604,-0.0110022
827,0.0197371,0.0197371,183,0.0163711,-0.0165367
828,0.0182489,0.0182489,183,0.0162133,-0.0181237
829,0.0167198,0.0167198,183,0.0161709,-0.00275376
830,0.0150261,0.0150261,183,0.0150261,-0.0168385
831,0.0165351,0.0165351,183,0.0158269,-0.00355237
832,0.0168248,0.0168248,183,0.014417,-0.0142061
833,0.003809,0.003809,183,0.003809,-0.0309046
834,0.0177894,0.0177894,183,0.0160465,-0.00625476
835,0.0162924,0.0162924,183,0.014762,-0.0126835
836,0.0161739,0.0161739,183,0.015278,-0.00344822
837,0.0173922,0.0173922,367,0.0131498,-0.03445
838,0.0113142,0.0113142,367,0.00950476,-0.0455691
839,0.0159747,0.0159747,183,0.0140106,-0.00518833
840,0.0146767,0.0146767,183,0.014616,-0.00103768
841,0.014847,0.014847,548,0.0132296,-0.0460356
842,0.0154662,0.0154662,183,0.0152618,-0.0232798
843,0.014215,0.014215,183,0.0125042,-0.0363534
844,0.0145552,0.0145552,183,0.0128464,0
845,0.0182638,0.0182638,183,0.0154334,-0.00636556
846,0.0163312,0.0163312,183,0.0148611,-0.00446957
847,0.0189492,0.0189492,183,0.00908598,-0.0173918
848,0.0165444,0.0165444,183,0.0156794,-0.00417663
849,0.0154483,0.0154483,548,0.0116864,-0.0360306
850,0.0107805,0.0107805,183,0.0107805,-0.020865
851,0.0177059,0.0177059,183,0.0143302,-0.00760624
852,0.0193536,0.0193536,548,0.012435,-0.0479586
853,-0.0106587,-0.0106587,183,-0.0106587,-0.0114453
854,0.0173334,0.0173334,183,0.0158931,-0.00804139
855,0.0196766,0.0196766,367,0.0163711,-0.0389556
856,0.0182004,0.0182004,183,0.0163711,0
857,0.0173979,0.0173979,183,0.0159736,-0.0013614
858,0.0111594,0.0111594,367,0.00935596,-0.0466215
859,0.0188787,0.0188787,183,0.0159397,-0.00734416
860,0.0149964,0.0149964,183,0.0134809,-0.0172889
861,0.00935545,0.00935545,367,0.00900584,-0.0504684
862,-0.0053355,-0.0053355,183,-0.0053355,-0.0391912
863,0.0162996,0.0162996,183,0.0153945,-0.0112325
864,0.021361,0.021361,183,0.0161005,-0.0350399
865,0.0232423,0.0232423,548,0.0142804,-0.0268508
866,0.00278866,0.00278866,548,0.00278866,-0.0434382
867,0.0170218,0.0170218,183,0.01587,0
868,0.0148121,0.0148121,183,0.0142647,-0.0114434
869,-0.0287016,-0.0287016,1097,-0.0287016,-0.0456537
870,0.0143627,0.0143627,183,0.0143054,0
871,0.0170422,0.0170422,183,0.0157226,-0.00108856
872,0.0143792,0.0143792,183,0.014108,-0.0201373
873,0.0148272,0.0148272,183,0.0143574,-0.00514154
874,0.0206111,0.0206111,183,0.0140133,-0.0221639
875,-0.0102393,-0.0102393,1097,-0.0111968,-0.0558021
876,0.0118045,0.0118045,183,0.0113637,-0.0177537
877,0.0114824,0.0114824,183,0.0114824,-0.00738964
878,-0.00666137,-0.00666137,1097,-0.00696745,-0.0544408
879,0.0181979,0.0181979,367,0.0125962,-0.016825
880,0.0184854,0.0184854,183,0.0159307,0
881,0.0114077,0.0114077,1097,0.00969232,-0.0497148
882,0.0150919,0.0150919,183,0.014559,-0.00165892
883,0.0133177,0.0133177,183,0.00994254,-0.0302867
884,-0.00889763,-0.00889763,1097,-0.00889763,-0.0547357
885,0.0150525,0.0150525,183,0.0147061,-0.00387421
886,0.00825314,0.00825314,183,0.00708278,-0.0402795
887,0.0183192,0.0183192,183,0.0162067,-0.00224675
888,0.0161861,0.0161861,183,0.0144528,-0.000298895
889,0.0170893,0.0170893,183,0.0154982,-0.0154355
890,0.0166035,0.0166035,183,0.0149402,-0.0110536
891,0.0137268,0.0137268,183,0.0113588,-0.0060046
892,0.0258535,0.0258535,732,0.0138548,-0.0415798
893,0.0154463,0.0154463,183,0.0133503,-0.00910523
894,0.0164287,0.0164287,183,0.0145665,-0.016153
895,0.0183673,0.0183673,183,0.0160422,-0.0134163
896,0.0190463,0.0190463,183,0.0154296,-0.00241721
897,0.0155383,0.0155383,183,0.0144388,0
898,0.0172699,0.0172699,183,0.0147463,-0.0251234
899,0.0164228,0.0164228,183,0.0126712,-0.0415053
900,0.0190637,0.0190637,183,0.014391,-0.0270833
901,0.0152405,0.0152405,183,0.0147112,-0.0187625
902,0.0369089,0.0369089,1097,0.010452,-0.0460969
903,0.0159363,0.0159363,183,0.0157369,-2.33379e-05
904,0.0152846,0.0152846,183,0.0143959,-0.00595386
905,0.00632451,0.00632451,732,0.00439745,-0.0506422
906,0.0171904,0.0171904,183,0.0159992,-0.000810739
907,0.0166426,0.0166426,183,0.0154349,-0.0078618
908,0.0164769,0.0164769,183,0.0161383,0
909,0.0168571,0.0168571,183,0.0143628,-0.0101571
910,0.0183692,0.0183692,183,0.0155687,-0.0416646
911,0.0150914,0.0150914,183,0.0144103,-0.00278082
912,0.013892,0.013892,183,0.0132429,-0.0319757
913,0.0213904,0.0213904,183,0.0156653,-0.0084622
914,0.016833,0.016833,183,0.0161049,0
915,0.0225941,0.0225941,183,0.0160897,-0.0105991
916,0.0122855,0.0122855,183,0.0118562,-0.0315386
917,0.0141411,0.0141411,183,0.0133869,-0.00541108
918,-0.00324595,-0.00324595,183,-0.00324595,-0.0487885
919,0.0192006,0.0192006,183,0.0163711,-0.0368391
920,0.0146227,0.0146227,1097,0.0122208,-0.0454037
921,0.0139394,0.0139394,183,0.0129914,-0.00226806
922,0.0167899,0.0167899,183,0.0144082,-0.00359746
923,0.0163858,0.0163858,183,0.0148334,0
924,0.0131337,0.0131337,183,0.0124131,-0.0239372
925,0.0186256,0.0186256,183,0.0162236,-0.0101402
926,0.0153678,0.0153678,183,0.0138069,-0.00066152
927,0.016818,0.016818,183,0.0141063,-0.0241391
928,0.0233154,0.0233154,367,0.0161588,-0.043632
929,0.0164639,0.0164639,183,0.0148668,-0.00637654
930,0.0179648,0.0179648,183,0.0158352,-0.00332544
931,0.0187607,0.0187607,183,0.0163711,-0.00504942
932,0.0160829,0.0160829,183,0.0138231,-0.021152
933,0.0180753,0.0180753,183,0.0153239,0
934,0.0167629,0.0167629,1097,0.0141915,-0.0484762
935,0.0174509,0.0174509,367,0.0119915,-0.0383692
936,0.0079159,0.0079159,367,0.0076151,-0.041599
937,0.0157052,0.0157052,183,0.0141816,-0.0109786
938,-0.0453411,-0.0453411,1097,-0.0453411,-0.0455241
939,0.0125134,0.0125134,183,0.0119825,-0.023725
940,0.0213504,0.0213504,183,0.0154928,-0.0201356
941,0.0177669,0.0177669,183,0.0145895,-0.00559936
942,0.0184154,0.0184154,183,0.0156592,-0.0108187
943,0.0197255,0.0197255,183,0.0163711,-0.031352
944,0.0154131,0.0154131,183,0.0145859,-0.0185431
945,0.0206218,0.0206218,732,0.0148721,-0.0322635
946,0.0179138,0.0179138,183,0.0150798,-0.00541277
947,0.0188707,0.0188707,183,0.0150113,-0.0152533
948,0.0176823,0.0176823,183,0.0161771,-0.00706317
949,0.0158172,0.0158172,183,0.012888,-0.0411435
950,0.0151355,0.0151355,183,0.0146454,-0.0030151
951,0.0235425,0.0235425,183,0.0153833,-0.0199249
952,0.0127687,0.0127687,183,0.0125821,-0.0214609
953,0.0152901,0.0152901,183,0.0146161,-0.00962892
954,0.0109931,0.0109931,183,0.0104892,-0.0209554
955,-0.0141731,-0.0141731,1097,-0.018118,-0.042843
956,0.0172331,0.0172331,183,0.0159142,-0.0175771
957,0.00702706,0.00702706,183,0.00620055,-0.0190924
958,0.0178272,0.0178272,183,0.0160971,-0.00110881
959,0.0202654,0.0202654,183,0.01627,-0.00372693
960,0.0135611,0.0135611,183,0.0133787,-0.00884818
961,0.0155273,0.0155273,183,0.0139533,-0.00175287
962,0.0182053,0.0182053,913,0.0125715,-0.0420046
963,0.00178991,0.00178991,183,0.00178991,-0.0117606
964,0.0165778,0.0165778,367,0.0114334,-0.0491476
965,0.0139395,0.0139395,1097,-0.00870368,-0.0475542
966,0.0152603,0.0152603,183,0.0141482,-0.00382887
967,0.0168637,0.0168637,183,0.0158266,0
968,0.0179029,0.0179029,183,0.0158964,-0.0122769
969,0.0177826,0.0177826,183,0.0162866,0
970,0.0135392,0.0135392,183,0.0135392,-0.0175731
971,0.0173663,0.0173663,183,0.0151825,-0.0106067
972,0.0176178,0.0176178,183,0.0153223,-0.00511576
973,0.0116221,0.0116221,183,0.0112661,-0.0128323
974,0.0129014,0.0129014,183,0.00991309,-0.00425186
975,0.0179944,0.0179944,183,0.0157719,0
976,0.0169888,0.0169888,367,0.0144401,-0.0359387
977,0.0169512,0.0169512,183,0.0144068,-0.0166627
978,0.00828954,0.00828954,183,0.00801839,-0.0047796
979,0.0182813,0.0182813,1097,0.0156182,-0.0447869
980,0.014166,0.014166,367,0.0093387,-0.0501498
981,0.01587,0.01587,183,0.0150824,-0.000410959
982,0.017354,0.017354,183,0.0151581,-0.00269992
983,0.0140165,0.0140165,183,0.0132938,-0.0106294
984,0.00850777,0.00850777,913,0.00779032,-0.0442962
985,0.0172122,0.0172122,183,0.0161331,-0.002163
986,0.0291127,0.0291127,732,0.0145814,-0.0455093
987,0.0149242,0.0149242,183,0.0143514,-0.000646654
988,0.0145461,0.0145461,183,0.0140496,-0.00775128
989,0.0278895,0.0278895,183,0.0158316,-0.01223
990,0.0113849,0.0113849,183,0.0113849,-0.0290512
991,0.0177229,0.0177229,183,0.0156719,-0.0186892
992,0.0175904,0.0175904,183,0.0163353,0
993,0.0142464,0.0142464,183,0.0120772,-0.0089439
994,0.018966,0.018966,183,0.016119,-0.00651523
995,0.00951682,0.00951682,183,0.00951682,-0.00781641
996,0.0162034,0.0162034,183,0.0149712,0
997,-0.00382743,-0.00382743,1097,-0.00393313,-0.0487738
998,0.0110096,0.0110096,548,0.0105435,-0.0347229
999,0.0164342,0.0164342,183,0.0138937,-0.000149727
