tau,s_tmp,cash,delta,pv(local),pv(flat),r_for,q,PL(local no magin),북손익(local vol),북손익(flat vol),헤지포지션 손익,부채손익,북손익,매도가격,0.98381,손익차이
0,293.98,0.548752,0.00147989,0.98381,1.00018,,,0,1.62%,-0.02%, - ,0, -     ,,,-1.60%
1,295.097,0.573781,0.00139514,0.985583,1.00093,0.0132822,0,-9.98E-05,1.61%,0.07%,0.0017,-0.001773,,,,
2,294.637,0.550816,0.00147316,0.985092,1.00076,0.0133058,0,-0.000228568,1.60%,0.03%,0.0011,-0.001282,,,,
3,295.646,0.575881,0.00138845,0.986684,1.00143,0.0133293,0,-0.000315418,1.59%,0.11%,0.0026,-0.002874,,,,
4,296.334,0.599797,0.00130781,0.987775,1.00189,0.0133528,0,-0.000429272,1.58%,0.17%,0.0035,-0.003965,,,,
5,296.224,0.600805,0.00130448,0.98779,1.00193,0.0133764,0,-0.000565708,1.56%,0.15%,0.0034,-0.00398,,,,
6,298.113,0.623661,0.00122789,0.990391,1.00299,0.0133999,0,-0.000681142,1.55%,0.29%,0.0059,-0.006581,,,,
7,301.154,0.665415,0.00108932,0.994095,1.00447,0.0134235,0,-0.00062822,1.56%,0.52%,0.0097,-0.010285,,,,
8,300.282,0.646623,0.00115198,0.993266,1.00418,0.013447,0,-0.00072478,1.55%,0.46%,0.0087,-0.009456,,,,
9,300.686,0.667354,0.00108311,0.993865,1.00445,0.0134706,0,-0.000834946,1.54%,0.48%,0.0092,-0.010055,,,,
10,305.067,0.738434,0.000850196,0.998396,1.00623,0.0134941,0,-0.000595627,1.56%,0.78%,0.014,-0.014586,,,,
11,308.513,0.782456,0.000707591,1.00128,1.00758,0.0135176,0,-0.000524719,1.57%,0.94%,0.0169,-0.01747,,,,
12,307.494,0.762352,0.000773068,1.00066,1.00731,0.0135412,0,-0.000589877,1.56%,0.90%,0.0163,-0.01685,,,,
13,306.336,0.741229,0.000842113,0.99987,1.00697,0.0135647,0,-0.000671803,1.55%,0.84%,0.0154,-0.01606,,,,
14,305.408,0.742077,0.000839427,0.999232,1.0067,0.0135883,0,-0.000787107,1.54%,0.79%,0.0146,-0.015422,,,,
15,302.797,0.695961,0.000991817,0.99697,1.00568,0.0136118,0,-0.000689603,1.55%,0.68%,0.0125,-0.01316,,,,
16,302.607,0.69689,0.000988832,0.996915,1.00567,0.0136353,0,-0.000796682,1.54%,0.66%,0.0123,-0.013105,,,,
17,303.073,0.69782,0.000985849,0.997511,1.00597,0.0136589,0,-0.000906624,1.53%,0.68%,0.0128,-0.013701,,,,
18,303.247,0.69875,0.000982869,0.997815,1.00613,0.0136824,0,-0.00101205,1.52%,0.69%,0.013,-0.014005,,,,
19,306.169,0.746781,0.00082608,1.00052,1.00738,0.013706,0,-0.000819738,1.54%,0.85%,0.0159,-0.01671,,,,
20,307.195,0.769305,0.000752849,1.00146,1.00783,0.0137295,0,-0.000882059,1.53%,0.89%,0.0168,-0.01765,,,,
21,310.088,0.810366,0.000620524,1.00357,1.00881,0.0137531,0,-0.000783921,1.54%,1.02%,0.019,-0.01976,,,,
22,309.596,0.811083,0.000618307,1.00337,1.00874,0.0137766,0,-0.00085999,1.53%,1.00%,0.0187,-0.01956,,,,
23,308.752,0.792377,0.000678993,1.00294,1.00856,0.0138001,0,-0.000927046,1.53%,0.96%,0.0182,-0.01913,,,,
24,307.314,0.772761,0.00074292,1.00205,1.00818,0.0138237,0,-0.000982248,1.52%,0.91%,0.0173,-0.01824,,,,
25,304.505,0.729802,0.000884097,0.999923,1.00724,0.0138472,0,-0.000909786,1.53%,0.80%,0.0152,-0.016113,,,,
26,309.571,0.814829,0.000609525,1.00384,1.00903,0.0138708,0,-0.000318581,1.59%,1.07%,0.0197,-0.02003,,,,
27,307.358,0.776124,0.000735554,1.00246,1.00843,0.0138943,0,-0.000261957,1.59%,1.00%,0.0184,-0.01865,,,,
28,306.644,0.776903,0.000733111,1.00205,1.00827,0.0139179,0,-0.000346403,1.58%,0.96%,0.0179,-0.01824,,,,
29,305.395,0.75653,0.000799917,1.0012,1.00791,0.0139414,0,-0.000381201,1.58%,0.91%,0.017,-0.01739,,,,
30,306.167,0.757349,0.000797338,1.00195,1.00827,0.0139649,0,-0.000478329,1.57%,0.94%,0.0177,-0.01814,,,,
31,305.323,0.758164,0.000794762,1.0014,1.00805,0.0139885,0,-0.000580807,1.56%,0.90%,0.017,-0.01759,,,,
32,302.018,0.692611,0.00101191,0.998569,1.0068,0.014012,0,-0.00034408,1.59%,0.76%,0.0144,-0.014759,,,,
33,302.394,0.714676,0.000939031,0.999078,1.00705,0.0140356,0,-0.000444848,1.58%,0.78%,0.0148,-0.015268,,,,
34,304.607,0.738916,0.000859543,1.00121,1.00803,0.0140591,0,-0.000469455,1.57%,0.89%,0.0169,-0.0174,,,,
35,307.469,0.783085,0.00071598,1.00355,1.00909,0.0140826,0,-0.000320163,1.59%,1.03%,0.0194,-0.01974,,,,
36,309.692,0.82278,0.000587904,1.00512,1.00981,0.0141062,0,-0.000272126,1.59%,1.12%,0.021,-0.02131,,,,
37,306.802,0.785065,0.000710936,1.00332,1.00904,0.0141297,0,-0.000136521,1.61%,1.03%,0.0194,-0.01951,,,,
38,302.893,0.720205,0.000925172,1.00024,1.00769,0.0141533,0,0.000188583,1.64%,0.89%,0.0166,-0.01643,,,,
39,301.914,0.70008,0.000991925,0.999448,1.00737,0.0141768,0,0.000107835,1.63%,0.84%,0.0157,-0.015638,,,,
40,301.264,0.700902,0.000989285,0.99896,1.00717,0.0142004,0,-2.21E-05,1.62%,0.80%,0.0151,-0.01515,,,,
41,301.915,0.701701,0.000986729,0.999729,1.00751,0.0142239,0,-0.000119056,1.61%,0.83%,0.0158,-0.015919,,,,
42,304.613,0.747049,0.000837947,1.00227,1.00867,0.0142474,0,2.49E-05,1.62%,0.98%,0.0185,-0.01846,,,,
43,308.039,0.811054,0.000630261,1.00492,1.00986,0.014271,0,0.000275668,1.65%,1.15%,0.0214,-0.02111,,,,
44,313.084,0.863812,0.000461851,1.00785,1.01116,0.0142945,0,0.000561234,1.68%,1.34%,0.0246,-0.02404,,,,
45,313.072,0.864587,0.000459483,1.00795,1.01123,0.0143181,0,0.00048824,1.67%,1.34%,0.0246,-0.02414,,,,
46,313.672,0.865496,0.000456693,1.00831,1.01142,0.0143416,0,0.000440999,1.66%,1.35%,0.0249,-0.0245,,,,
47,315.623,0.89428,0.000365604,1.00919,1.01185,0.0143652,0,0.00047956,1.67%,1.40%,0.0259,-0.02538,,,,
48,316.887,0.907442,0.000324182,1.00973,1.01212,0.0143887,0,0.000437693,1.66%,1.42%,0.0264,-0.02592,,,,
49,315.135,0.882842,0.000402358,1.00919,1.01189,0.0144122,0,0.000451445,1.66%,1.39%,0.0258,-0.02538,,,,
50,314.443,0.883739,0.000399616,1.00901,1.01184,0.0144358,0,0.000383665,1.66%,1.37%,0.0256,-0.0252,,,,
51,313.14,0.870335,0.000442532,1.00856,1.01165,0.0144593,0,0.000350988,1.65%,1.35%,0.0251,-0.02475,,,,
52,313.107,0.871269,0.000439658,1.00864,1.01171,0.0144829,0,0.000288474,1.65%,1.34%,0.0251,-0.02483,,,,
53,314.953,0.886529,0.000391317,1.00948,1.01213,0.0145064,0,0.000293196,1.65%,1.38%,0.026,-0.02567,,,,
54,313.306,0.873234,0.000433866,1.00891,1.01189,0.0145299,0,0.000251508,1.64%,1.35%,0.0254,-0.0251,,,,
55,315.788,0.901495,0.000344482,1.00997,1.01239,0.0145535,0,0.000309785,1.65%,1.41%,0.0265,-0.02616,,,,
56,310.644,0.843526,0.000531207,1.00786,1.01145,0.014577,0,0.000678283,1.69%,1.33%,0.0247,-0.02405,,,,
57,309.38,0.826438,0.000586548,1.00729,1.01121,0.0146006,0,0.000612208,1.68%,1.29%,0.0241,-0.02348,,,,
58,310.357,0.845596,0.000524926,1.00793,1.01153,0.0146241,0,0.000582346,1.68%,1.32%,0.0247,-0.02412,,,,
59,305.861,0.788441,0.000711903,1.00531,1.01032,0.0146477,0,0.000871636,1.71%,1.21%,0.0224,-0.0215,,,,
60,307.701,0.810562,0.000640115,1.00664,1.01098,0.0146712,0,0.0008881,1.71%,1.27%,0.0237,-0.02283,,,,
61,308.443,0.831314,0.000572973,1.00721,1.01127,0.0146947,0.0179552,0.000835342,1.70%,1.30%,0.0242,-0.0234,,,,
62,309.022,0.832565,0.000569062,1.00765,1.01151,0.0147183,0.0185344,0.000763642,1.70%,1.31%,0.0246,-0.02384,,,,
63,310.466,0.851809,0.000507215,1.00853,1.01194,0.0147418,0.0191136,0.000755723,1.70%,1.35%,0.0255,-0.02472,,,,
64,308.672,0.83521,0.000561131,1.0077,1.01158,0.0147654,0.0196928,0.000712048,1.69%,1.30%,0.0246,-0.02389,,,,
65,309.535,0.854332,0.000499495,1.00828,1.01187,0.0147889,0.020272,0.000665218,1.69%,1.33%,0.0251,-0.02447,,,,
66,309.842,0.855582,0.0004956,1.00855,1.01203,0.0148125,0.0208512,0.000585477,1.68%,1.33%,0.0253,-0.02474,,,,
67,307.992,0.839177,0.000549007,1.00767,1.01164,0.014836,0.0214304,0.000598903,1.68%,1.28%,0.0245,-0.02386,,,,
68,310.536,0.85824,0.000487761,1.00912,1.01234,0.0148595,0.0220096,0.000587307,1.68%,1.36%,0.0259,-0.02531,,,,
69,312.137,0.875806,0.000431628,1.00994,1.01274,0.0148831,0.0225888,0.000595123,1.68%,1.40%,0.0267,-0.02613,,,,
70,311.259,0.877033,0.00042783,1.00967,1.01264,0.0149066,0.023168,0.000525829,1.67%,1.38%,0.0264,-0.02586,,,,
71,309.793,0.862161,0.000475978,1.0091,1.01241,0.0149302,0.0237472,0.000510749,1.67%,1.34%,0.0258,-0.02529,,,,
72,313.107,0.89448,0.000372904,1.01064,1.01313,0.0149537,0.0243264,0.000598382,1.68%,1.43%,0.0274,-0.02683,,,,
73,314.891,0.909216,0.000326247,1.01135,1.01346,0.0149772,0.0249056,0.000600517,1.68%,1.47%,0.0281,-0.02754,,,,
74,313.404,0.896966,0.000365476,1.01095,1.01332,0.0150008,0.0254848,0.000559686,1.68%,1.44%,0.0277,-0.02714,,,,
75,314.414,0.911684,0.000318808,1.01139,1.01354,0.0150243,0.026064,0.000528942,1.67%,1.46%,0.0281,-0.02758,,,,
76,312.926,0.899527,0.000357801,1.01099,1.0134,0.0150479,0.0266432,0.000498963,1.67%,1.43%,0.0277,-0.02718,,,,
77,314.012,0.914232,0.000311119,1.01147,1.01362,0.0150714,0.0272224,0.00045322,1.66%,1.45%,0.0281,-0.02766,,,,
78,314.238,0.915499,0.00030723,1.01166,1.01372,0.015095,0.0278016,0.000386598,1.66%,1.45%,0.0282,-0.02785,,,,
79,314.385,0.916776,0.000303313,1.01181,1.01381,0.0151185,0.0283808,0.000322503,1.65%,1.45%,0.0283,-0.028,,,,
80,312.808,0.904922,0.000341353,1.0114,1.01367,0.015142,0.02896,0.000299273,1.65%,1.42%,0.0279,-0.02759,,,,
81,312.168,0.891913,0.000383173,1.01128,1.01365,0.0151656,0.0295392,0.000244098,1.64%,1.41%,0.0277,-0.02747,,,,
82,312.117,0.893347,0.00037873,1.01138,1.01371,0.0151891,0.0301184,0.000174251,1.64%,1.40%,0.0277,-0.02757,,,,
83,313.354,0.909086,0.000328654,1.01192,1.01395,0.0152127,0.0306976,0.000152595,1.63%,1.43%,0.0283,-0.02811,,,,
84,312.218,0.896311,0.000369721,1.01165,1.01387,0.0152362,0.0312768,9.75E-05,1.63%,1.41%,0.0279,-0.02784,,,,
85,309.962,0.882351,0.000414912,1.0109,1.0136,0.0152598,0.031856,5.47E-05,1.62%,1.35%,0.0271,-0.02709,,,,
86,310.761,0.883896,0.000410094,1.01134,1.01381,0.0152833,0.0324351,-7.15E-06,1.62%,1.37%,0.0275,-0.02753,,,,
87,310.978,0.900798,0.000355899,1.01155,1.01391,0.0153068,0.0330143,-7.31E-05,1.61%,1.38%,0.0277,-0.02774,,,,
88,309.03,0.870411,0.000454386,1.01088,1.01367,0.0153304,0.0335935,-5.12E-05,1.61%,1.34%,0.027,-0.02707,,,,
89,310.742,0.888807,0.000395345,1.0117,1.01403,0.0153539,0.0341727,-4.34E-05,1.62%,1.38%,0.0278,-0.02789,,,,
90,310.672,0.890414,0.000390332,1.0118,1.01409,0.0153775,0.0347519,-0.000117224,1.61%,1.38%,0.0279,-0.02799,,,,
91,309.325,0.875497,0.000438714,1.01139,1.01396,0.015401,0.0353311,-0.000188162,1.60%,1.34%,0.0274,-0.02758,,,,
92,305.382,0.839293,0.00055738,1.00958,1.01325,0.0140272,0.00207746,-7.29E-05,1.61%,1.25%,0.0257,-0.02577,,,,
93,305.588,0.840712,0.000552845,1.00983,1.01338,0.0140206,0.00192907,-0.000175542,1.60%,1.25%,0.0258,-0.02602,,,,
94,305.114,0.842142,0.000548268,1.00968,1.01335,0.014014,0.00178068,-0.00025746,1.59%,1.23%,0.0256,-0.02587,,,,
95,306.037,0.843589,0.000543648,1.01033,1.01363,0.0140074,0.00163229,-0.000361972,1.58%,1.25%,0.0262,-0.02652,,,,
96,305.803,0.845048,0.000538983,1.01034,1.01366,0.0140008,0.0014839,-0.000464344,1.57%,1.24%,0.0261,-0.02653,,,,
97,307.734,0.866214,0.000470312,1.0114,1.01411,0.0139942,0.00133551,-0.000453035,1.57%,1.30%,0.0271,-0.02759,,,,
98,309.668,0.901857,0.000355319,1.0123,1.01449,0.0139876,0.00118712,-0.000415257,1.58%,1.36%,0.0281,-0.02849,,,,
99,313.534,0.931079,0.000262228,1.0136,1.01502,0.013981,0.00103873,-0.000298521,1.59%,1.45%,0.0295,-0.02979,,,,
100,315.047,0.944015,0.000221282,1.01403,1.01521,0.0139745,0.000890339,-0.000302651,1.59%,1.47%,0.0299,-0.03022,,,,
101,314.6,0.945224,0.000217554,1.01403,1.01523,0.0139679,0.000741949,-0.000362285,1.58%,1.46%,0.0299,-0.03022,,,,
102,320.715,0.979115,0.000111995,1.01506,1.01565,0.0139613,0.000593559,-2.53E-05,1.62%,1.56%,0.0312,-0.03125,,,,
103,321.512,0.985455,9.24E-05,1.01521,1.01573,0.0139547,0.00044517,-4.65E-05,1.61%,1.56%,0.0314,-0.0314,,,,
104,320.327,0.980894,0.000106747,1.01515,1.01573,0.0139481,0.00029678,-6.61E-05,1.61%,1.55%,0.0313,-0.03134,,,,
105,321.498,0.987059,8.77E-05,1.01534,1.01582,0.0139415,0.00014839,-8.53E-05,1.61%,1.56%,0.0314,-0.03153,,,,
106,323.051,0.992352,7.14E-05,1.01553,1.01591,0.0139349,2.26E-17,-0.000103292,1.61%,1.57%,0.0316,-0.03172,,,,
107,321.629,0.988656,8.30E-05,1.01548,1.01592,0.0139283,-0.00014839,-0.000116093,1.61%,1.56%,0.0316,-0.03167,,,,
108,324.739,0.997525,5.58E-05,1.01576,1.01604,0.0139217,-0.00029678,-9.95E-05,1.61%,1.58%,0.0319,-0.03195,,,,
109,325.542,0.998145,5.40E-05,1.01585,1.0161,0.0139152,-0.00044517,-0.000113643,1.61%,1.58%,0.0319,-0.03204,,,,
110,322.874,0.995209,6.33E-05,1.01576,1.0161,0.0139086,-0.000593559,-0.000122778,1.61%,1.57%,0.0318,-0.03195,,,,
111,323.665,0.995894,6.13E-05,1.01587,1.01616,0.013902,-0.000741949,-0.000144008,1.61%,1.58%,0.0319,-0.03206,,,,
112,327.182,1.00537,3.24E-05,1.01608,1.01626,0.0138954,-0.000890339,-0.000107107,1.61%,1.59%,0.0322,-0.03227,,,,
113,326.367,1.00344,3.84E-05,1.0161,1.01629,0.0138888,-0.00103873,-0.000118436,1.61%,1.59%,0.0322,-0.03229,,,,
114,321.006,0.98979,8.11E-05,1.01587,1.01624,0.0138822,-0.00118712,-4.76E-05,1.61%,1.58%,0.032,-0.03206,,,,
115,323.484,0.998767,5.34E-05,1.01608,1.01633,0.0138756,-0.00133551,-2.65E-05,1.62%,1.59%,0.0322,-0.03227,,,,
116,323.874,0.999421,5.15E-05,1.01616,1.01638,0.013869,-0.0014839,-4.18E-05,1.62%,1.59%,0.0323,-0.03235,,,,
117,324.929,1.00307,4.04E-05,1.01626,1.01644,0.0138624,-0.00163229,-5.07E-05,1.61%,1.60%,0.0324,-0.03245,,,,
118,326.075,1.00607,3.13E-05,1.01635,1.0165,0.0138558,-0.00178068,-5.87E-05,1.61%,1.60%,0.0325,-0.03254,,,,
119,328.849,1.01019,1.89E-05,1.01647,1.01656,0.0138493,-0.00192907,-5.39E-05,1.61%,1.61%,0.0326,-0.03266,,,,
120,326.264,1.00706,2.87E-05,1.01646,1.01659,0.0138427,-0.00207746,-5.08E-05,1.61%,1.60%,0.0326,-0.03265,,,,
121,328.928,1.01091,1.71E-05,1.01657,1.01665,0.0138361,-0.00222585,-4.50E-05,1.62%,1.61%,0.0327,-0.03276,,,,
122,331.894,1.01336,9.80E-06,1.01665,1.0167,0.0138295,0.00128816,-4.16E-05,1.62%,1.61%,0.0328,-0.03284,,,,
123,331.486,1.01359,9.20E-06,1.01669,1.01674,0.0138229,0.00119932,-4.67E-05,1.61%,1.61%,0.0328,-0.03288,,,,
124,332.297,1.01383,8.62E-06,1.01674,1.01678,0.0138163,0.00111048,-5.20E-05,1.61%,1.61%,0.0329,-0.03293,,,,
125,330.811,1.01329,1.04E-05,1.01677,1.01682,0.0138097,0.00102164,-5.62E-05,1.61%,1.61%,0.0329,-0.03296,,,,
126,328.084,1.01131,1.65E-05,1.01678,1.01685,0.0138031,0.000932806,-5.57E-05,1.61%,1.61%,0.0329,-0.03297,,,,
127,327.979,1.01166,1.56E-05,1.01683,1.01689,0.0137965,0.000843967,-6.31E-05,1.61%,1.61%,0.033,-0.03302,,,,
128,329.911,1.01314,1.12E-05,1.01689,1.01694,0.0137899,0.000755129,-6.25E-05,1.61%,1.61%,0.033,-0.03308,,,,
129,331.428,1.01429,7.85E-06,1.01695,1.01698,0.0137834,0.00066629,-6.26E-05,1.61%,1.61%,0.0331,-0.03314,,,,
130,330.73,1.01451,7.27E-06,1.01699,1.01702,0.0137768,0.000577451,-6.76E-05,1.61%,1.61%,0.0331,-0.03318,,,,
131,332.19,1.01528,5.09E-06,1.01704,1.01706,0.0137702,0.000488613,-6.92E-05,1.61%,1.61%,0.0332,-0.03323,,,,
132,331.614,1.01545,4.67E-06,1.01708,1.0171,0.0137636,0.000399774,-7.22E-05,1.61%,1.61%,0.0332,-0.03327,,,,
133,329.093,1.01449,7.73E-06,1.0171,1.01713,0.013757,0.000310935,-7.16E-05,1.61%,1.61%,0.0332,-0.03329,,,,
134,332.961,1.01609,3.02E-06,1.01716,1.01718,0.0137504,0.000222097,-6.52E-05,1.61%,1.61%,0.0333,-0.03335,,,,
135,329.31,1.01497,6.54E-06,1.01719,1.01721,0.0137438,0.000133258,-6.22E-05,1.61%,1.61%,0.0333,-0.03338,,,,
136,328.91,1.01519,5.99E-06,1.01723,1.01725,0.0137372,4.44E-05,-6.56E-05,1.61%,1.61%,0.0334,-0.03342,,,,
137,332.753,1.01624,2.95E-06,1.01728,1.01729,0.0137306,-4.44E-05,-6.13E-05,1.61%,1.61%,0.0334,-0.03347,,,,
138,334.061,1.01661,1.96E-06,1.01733,1.01733,0.013724,-0.000133258,-6.17E-05,1.61%,1.61%,0.0335,-0.03352,,,,
139,336.563,1.01699,9.29E-07,1.01737,1.01737,0.0137175,-0.000222097,-6.10E-05,1.61%,1.61%,0.0335,-0.03356,,,,
140,337.081,1.01707,8.13E-07,1.01741,1.01741,0.0137109,-0.000310935,-6.15E-05,1.61%,1.61%,0.0335,-0.0336,,,,
141,334.595,1.01705,9.81E-07,1.01744,1.01745,0.0137043,-0.000399774,-6.18E-05,1.61%,1.61%,0.0336,-0.03363,,,,
142,335.564,1.01713,8.54E-07,1.01748,1.01749,0.0136977,-0.000488613,-6.24E-05,1.61%,1.61%,0.0336,-0.03367,,,,
143,338.785,1.01733,3.74E-07,1.01752,1.01752,0.0136911,-0.000577451,-6.17E-05,1.61%,1.61%,0.0336,-0.03371,,,,
144,340.321,1.01745,1.56E-07,1.01756,1.01756,0.0136845,-0.00066629,-6.17E-05,1.61%,1.61%,0.0337,-0.03375,,,,
145,340.25,1.01747,1.87E-07,1.0176,1.0176,0.0136779,-0.000755129,-6.18E-05,1.61%,1.61%,0.0337,-0.03379,,,,
146,339.048,1.01752,1.56E-07,1.01764,1.01764,0.0136713,-0.000843967,-6.20E-05,1.61%,1.61%,0.0338,-0.03383,,,,
147,340.16,1.01757,1.29E-07,1.01768,1.01768,0.0136647,-0.000932806,-6.21E-05,1.61%,1.61%,0.0338,-0.03387,,,,
148,336.042,1.01758,2.25E-07,1.01771,1.01772,0.0136581,-0.00102164,-6.21E-05,1.61%,1.61%,0.0338,-0.0339,,,,
149,340.16,1.01766,8.57E-08,1.01775,1.01775,0.0136516,-0.00111048,-6.19E-05,1.61%,1.61%,0.0339,-0.03394,,,,
150,343.45,1.01772,2.05E-08,1.01779,1.01779,0.013645,-0.00119932,-6.18E-05,1.61%,1.61%,0.0339,-0.03398,,,,
151,343.477,1.01776,1.59E-08,1.01783,1.01783,0.0136384,-0.00128816,-6.18E-05,1.61%,1.61%,0.034,-0.03402,,,,
152,344.13,1.0178,1.23E-08,1.01787,1.01787,0.0136318,-0.001377,-6.18E-05,1.61%,1.61%,0.034,-0.03406,,,,
153,342.887,1.01784,1.42E-08,1.01791,1.01791,0.0136252,0.0310132,-6.18E-05,1.61%,1.61%,0.034,-0.0341,,,,
154,345.948,1.01788,4.33E-09,1.01794,1.01794,0.0136186,0.0313462,-6.18E-05,1.61%,1.61%,0.0341,-0.03413,,,,
155,351.91,1.01792,5.55E-10,1.01798,1.01798,0.013612,0.0316792,-6.18E-05,1.61%,1.61%,0.0341,-0.03417,,,,
156,348.906,1.01796,9.12E-10,1.01802,1.01802,0.0136054,0.0320121,-6.18E-05,1.61%,1.61%,0.0341,-0.03421,,,,
157,348.219,1.018,6.26E-10,1.01806,1.01806,0.0135988,0.0323451,-6.18E-05,1.61%,1.61%,0.0342,-0.03425,,,,
158,349.761,1.01803,2.68E-10,1.0181,1.0181,0.0135922,0.0326781,-6.18E-05,1.61%,1.61%,0.0342,-0.03429,,,,
159,351.558,1.01807,1.11E-10,1.01813,1.01813,0.0135857,0.033011,-6.18E-05,1.61%,1.61%,0.0343,-0.03432,,,,
160,353.921,1.01811,2.71E-11,1.01817,1.01817,0.0135791,0.033344,-6.18E-05,1.61%,1.61%,0.0343,-0.03436,,,,
161,350.457,1.01815,6.99E-11,1.01821,1.01821,0.0135725,0.033677,-6.18E-05,1.61%,1.61%,0.0343,-0.0344,,,,
162,348.761,1.01818,6.93E-11,1.01825,1.01825,0.0135659,0.0340099,-6.18E-05,1.61%,1.61%,0.0344,-0.03444,,,,
163,347.689,1.01822,4.13E-11,1.01828,1.01828,0.0135593,0.0343429,-6.18E-05,1.61%,1.61%,0.0344,-0.03447,,,,
164,347.722,1.01826,2.39E-11,1.01832,1.01832,0.0135527,0.0346759,-6.18E-05,1.61%,1.61%,0.0344,-0.03451,,,,
165,348.195,1.0183,1.34E-11,1.01836,1.01836,0.0135461,0.0350088,-6.18E-05,1.61%,1.61%,0.0345,-0.03455,,,,
166,345.236,1.01834,2.17E-11,1.0184,1.0184,0.0135395,0.0353418,-6.18E-05,1.61%,1.61%,0.0345,-0.03459,,,,
167,344.472,1.01837,2.08E-11,1.01844,1.01844,0.0135329,0.0356748,-6.18E-05,1.61%,1.61%,0.0346,-0.03463,,,,
168,341.976,1.01841,1.94E-11,1.01847,1.01847,0.0135263,0.0360077,-6.18E-05,1.61%,1.61%,0.0346,-0.03466,,,,
169,337.589,1.01845,5.93E-11,1.01851,1.01851,0.0135198,0.0363407,-6.18E-05,1.61%,1.61%,0.0346,-0.0347,,,,
170,336.881,1.01849,5.42E-11,1.01855,1.01855,0.0135132,0.0366737,-6.18E-05,1.61%,1.61%,0.0347,-0.03474,,,,
171,334.946,1.01852,4.82E-11,1.01859,1.01859,0.0135066,0.0370066,-6.18E-05,1.61%,1.61%,0.0347,-0.03478,,,,
172,333.955,1.01856,4.15E-11,1.01862,1.01862,0.0135,0.0373396,-6.18E-05,1.61%,1.61%,0.0347,-0.03481,,,,
173,337.573,1.0186,2.39E-12,1.01866,1.01866,0.0134934,0.0376726,-6.18E-05,1.61%,1.61%,0.0348,-0.03485,,,,
174,339.137,1.01864,4.46E-13,1.0187,1.0187,0.0134868,0.0380055,-6.18E-05,1.61%,1.61%,0.0348,-0.03489,,,,
175,341.716,1.01868,7.22E-14,1.01874,1.01874,0.0134802,0.0383385,-6.18E-05,1.61%,1.61%,0.0349,-0.03493,,,,
176,341.359,1.01871,2.04E-14,1.01877,1.01877,0.0134736,0.0386715,-6.18E-05,1.61%,1.61%,0.0349,-0.03496,,,,
177,340.069,1.01875,1.04E-14,1.01881,1.01881,0.013467,0.0390044,-6.18E-05,1.61%,1.61%,0.0349,-0.035,,,,
178,337.588,1.01879,4.53E-15,1.01885,1.01885,0.0134605,0.0393374,-6.18E-05,1.61%,1.61%,0.035,-0.03504,,,,
179,342.329,1.01883,7.55E-17,1.01889,1.01889,0.0134539,0.0396704,-6.18E-05,1.61%,1.61%,0.035,-0.03508,,,,
180,344.42,1.01886,7.55E-17,1.01892,1.01892,0.0134473,0.0400033,-6.18E-05,1.61%,1.61%,0.035,-0.03511,,,,
181,347.396,1.0189,7.55E-17,1.01896,1.01896,0.0134407,0.0403363,-6.18E-05,1.61%,1.61%,0.0351,-0.03515,,,,
182,347.869,1.01894,0,1.019,1.019,0.0134341,0.00150914,-6.18E-05,1.61%,1.61%,0.0351,-0.03519,,,,
0_1-th Autocalled i=0,347.869,1.01894,0,1.019,1.019,,,-0.00006184,1.61%,1.61%,0.0351,-0.03519,,,,
